60	42	6.427	0.0211	0.0512	177.8	100.0
61	103	5.811	0.0017	0.0036	359.8	100.0
61	110	5.993	0.0117	0.0160	138.5	100.0
61	118	5.945	0.0028	0.0072	82.9	100.0
62	54	6.332	0.0515	0.1324	173.0	100.0
63	60	6.834	0.0382	0.0396	86.6	100.0
63	61	6.730	0.0515	0.1026	238.1	100.0
63	94	5.846	0.2468	0.4677	207.6	100.0
63	108	6.753	0.0016	0.0059	229.9	100.0
64	44	5.478	0.0017	0.0053	185.6	100.0
64	107	5.719	0.0039	0.0099	181.7	100.0
64	108	4.663	0.0001	0.0002	308.0	100.0
64	109	6.154	0.3552	0.5283	159.8	100.0
65	39	7.233	0.0136	0.0368	192.6	100.0
65	44	6.104	0.0169	0.0422	171.8	100.0
65	57	6.098	0.0055	0.0141	149.2	100.0
65	58	5.337	0.0008	0.0027	97.4	100.0
66	43	5.538	0.0160	0.0168	166.6	100.0
66	44	6.436	0.1013	0.2437	166.9	100.0
66	45	6.335	0.2396	0.4798	164.1	100.0
66	93	5.857	0.3586	0.6460	179.3	100.0
67	44	6.930	0.0359	0.0963	158.1	100.0
67	45	5.859	0.0047	0.0160	160.3	100.0
67	46	6.303	0.0084	0.0244	156.8	100.0
67	47	7.226	0.0288	0.0797	181.2	100.0
67	48	7.467	0.0828	0.2080	172.1	100.0
67	104	7.983	0.0569	0.0850	158.4	100.0
68	39	7.535	0.0646	0.1034	175.1	100.0
68	43	5.277	0.0006	0.0023	135.8	100.0
68	44	7.177	0.0231	0.0634	143.4	100.0
68	49	7.604	0.0850	0.1683	135.8	100.0
68	85	6.426	0.0510	0.1026	106.4	100.0
68	104	8.545	0.0397	0.0354	0.4	100.0
68	105	7.690	0.0289	0.0469	148.6	100.0
69	41	7.756	0.5990	0.5355	107.8	100.0
69	43	8.266	0.1646	0.2975	194.9	100.0
69	44	8.661	0.1789	0.2770	167.7	100.0
69	45	7.876	0.0899	0.1527	265.0	100.0
69	71	6.676	0.0150	0.0432	165.0	100.0
69	100	6.440	0.0015	0.0048	270.2	100.0
69	101	4.575	0.0002	0.0006	147.1	100.0
69	112	6.612	0.0276	0.0749	157.2	100.0
70	43	7.397	0.0342	0.0771	232.1	100.0
70	44	7.747	0.0703	0.1662	118.3	100.0
70	45	7.362	0.1655	0.3520	186.0	100.0
70	51	6.583	0.2626	0.4626	167.3	100.0
70	71	6.986	0.0380	0.0640	181.8	100.0
70	72	6.556	0.0410	0.0653	162.5	100.0
70	92	6.247	0.5134	1.0018	157.3	100.0
71	43	6.716	0.0175	0.0562	173.7	100.0
71	44	6.344	0.0040	0.0129	127.6	100.0
71	45	7.345	0.0291	0.0618	117.4	100.0
71	54	6.237	0.0071	0.0207	155.2	100.0
71	55	6.697	0.0408	0.1061	173.7	100.0
71	63	6.373	0.0059	0.0160	127.6	100.0
71	71	6.215	0.0162	0.0472	174.0	100.0
71	88	6.135	0.1010	0.2619	179.4	100.0
71	103	8.207	0.0376	0.0389	158.2	100.0
72	42	6.867	0.0267	0.0779	177.1	100.0
72	43	7.005	0.0567	0.1470	208.4	100.0
72	44	6.687	0.0143	0.0397	218.1	100.0
72	45	6.539	0.0275	0.0673	104.2	100.0
72	46	7.988	0.0419	0.1063	177.1	100.0
72	102	8.293	0.1260	0.1000	104.2	100.0
73	41	6.589	0.0151	0.0498	271.9	100.0
73	42	5.746	0.0033	0.0103	311.9	100.0
73	43	6.203	0.0236	0.0702	158.3	100.0
73	44	6.158	0.1497	0.3275	225.7	100.0
73	45	6.182	0.0141	0.0446	104.2	100.0
73	46	6.147	0.0046	0.0128	158.3	100.0
73	53	6.517	0.0130	0.0392	184.0	100.0
73	54	5.965	0.0051	0.0162	158.3	100.0
73	108	5.355	0.0011	0.0038	332.0	100.0
73	109	5.384	0.0022	0.0071	166.5	100.0
74	41	6.274	0.0095	0.0308	239.7	100.0
74	42	6.224	0.0195	0.0627	245.7	100.0
74	43	5.715	0.0118	0.0377	105.8	100.0
74	44	6.293	0.0091	0.0255	213.5	100.0
74	45	6.303	0.0321	0.0868	158.9	100.0
74	46	5.296	0.0045	0.0132	149.5	100.0
74	55	6.245	0.0097	0.0319	105.8	100.0
74	56	7.188	0.0302	0.0781	149.5	100.0
74	78	6.474	0.0227	0.0559	122.5	100.0
74	96	6.426	0.0410	0.0880	202.3	100.0
74	101	6.901	0.0637	0.1023	162.7	100.0
74	104	5.900	0.0162	0.0347	148.9	100.0
74	105	6.473	0.0165	0.0327	139.9	100.0
75	39	6.073	0.0084	0.0257	240.1	100.0
75	41	5.902	0.0030	0.0096	148.1	100.0
75	42	6.542	0.0379	0.0795	211.3	100.0
75	44	7.751	0.2366	0.2775	159.3	100.0
75	45	7.753	0.2476	0.2953	177.6	100.0
75	56	7.123	0.0457	0.0877	198.2	100.0
75	62	6.949	0.0541	0.1586	194.3	100.0
75	63	7.501	0.0117	0.0349	148.1	100.0
75	93	6.417	0.1314	0.2915	193.2	100.0
75	100	7.657	0.4184	0.5942	184.7	100.0
75	101	7.159	0.2165	0.4369	166.9	100.0
75	116	5.238	0.0005	0.0013	283.2	100.0
76	57	8.504	0.1456	0.1709	165.7	100.0
76	62	7.700	0.1819	0.5178	175.8	100.0
76	63	6.263	0.0169	0.0487	177.3	100.0
76	98	7.197	0.2957	0.5147	156.4	100.0
76	99	7.706	0.5612	0.4842	161.8	100.0
76	100	7.570	0.1337	0.1598	158.2	100.0
76	101	7.539	0.0001	0.0002	239.9	100.0
76	103	3.961	0.0001	0.0004	166.8	100.0
77	56	7.221	0.2734	0.5571	158.0	100.0
77	62	6.012	0.0018	0.0054	290.6	100.0
77	63	5.884	0.0067	0.0209	182.2	100.0
77	97	7.801	0.1624	0.3611	174.6	100.0
77	98	6.432	0.0549	0.1107	182.9	100.0
77	99	8.038	0.3509	0.5075	159.2	100.0
77	100	7.612	0.0767	0.0803	123.3	100.0
77	118	5.081	0.0005	0.0016	186.3	100.0
77	119	5.875	0.0641	0.1676	188.3	100.0
78	62	6.618	0.0149	0.0420	204.3	100.0
78	63	6.233	0.0211	0.0620	169.0	100.0
78	64	6.227	0.0244	0.0621	161.5	100.0
78	65	8.288	0.3746	0.7063	171.3	100.0
78	68	7.397	0.3246	0.6480	191.1	100.0
78	88	6.402	0.0616	0.1560	211.2	100.0
78	97	7.948	0.1660	0.3485	170.4	100.0
78	98	6.920	0.5319	0.9511	158.4	100.0
78	99	7.175	0.1691	0.3103	194.2	100.0
78	100	5.347	0.0005	0.0016	151.3	100.0
78	118	5.484	0.0007	0.0024	111.9	100.0
78	119	5.573	0.0006	0.0022	184.8	100.0
79	62	7.236	0.0394	0.0965	195.5	100.0
79	63	6.406	0.0139	0.0260	164.6	100.0
79	64	7.235	0.0168	0.0558	151.1	100.0
79	66	8.967	0.3985	0.5325	184.2	100.0
79	68	6.813	0.3521	0.6133	209.2	100.0
79	74	6.910	0.0304	0.0926	178.4	100.0
79	96	6.356	0.2772	0.4799	162.8	100.0
79	97	7.570	0.3111	0.5935	176.5	100.0
79	98	7.355	0.5324	0.9401	158.6	100.0
79	99	6.251	0.1993	0.4043	166.5	100.0
79	100	8.157	0.0004	0.0012	217.7	100.0
79	119	5.020	0.0011	0.0043	137.0	100.0
80	61	5.575	0.0293	0.0710	154.7	100.0
80	62	8.789	0.0226	0.0507	127.8	100.0
80	63	8.052	0.0204	0.0388	142.0	100.0
80	66	8.611	0.5742	0.7285	199.0	100.0
80	70	8.307	0.0889	0.1584	199.4	100.0
80	71	7.723	0.0585	0.1136	212.1	100.0
80	96	6.775	0.3707	0.7062	162.1	100.0
80	97	8.068	0.1074	0.5047	169.2	100.0
80	98	7.574	0.1001	1.0655	155.3	100.0
80	99	6.673	0.5198	1.0304	161.5	100.0
80	100	6.131	0.0034	0.0100	174.5	100.0
80	106	6.350	0.0099	0.0279	178.9	100.0
81	45	5.728	0.0088	0.0276	221.2	100.0
81	60	5.908	0.0728	0.1913	162.1	100.0
81	61	6.015	0.0029	0.0073	221.2	100.0
81	62	7.304	0.0250	0.0542	157.7	100.0
81	63	7.647	0.0568	0.1205	175.6	100.0
81	64	6.944	0.3757	0.6893	182.3	100.0
81	65	7.146	0.5614	0.7376	187.5	100.0
81	66	8.006	0.2663	0.3402	195.4	100.0
81	67	7.435	0.3501	0.5561	179.9	100.0
81	68	7.760	0.2806	0.5397	202.9	100.0
81	69	7.807	0.1487	0.2708	201.2	100.0
81	70	8.393	0.1544	0.3128	174.1	100.0
81	71	7.697	0.1706	0.3738	193.2	100.0
81	96	6.988	0.2791	0.5506	140.8	100.0
81	97	7.947	0.5083	1.0358	150.1	100.0
81	98	7.248	0.1434	1.0374	157.4	100.0
81	99	6.699	0.5249	1.0066	165.4	100.0
81	100	6.551	0.0145	0.0337	208.3	100.0
81	101	6.808	0.0430	0.1219	180.7	100.0
81	102	6.349	0.0186	0.0482	173.0	100.0
81	106	5.892	0.0411	0.1134	165.6	100.0
81	109	6.293	0.1386	0.3166	179.2	100.0
81	111	5.258	0.0012	0.0037	89.7	100.0
82	45	5.721	0.0128	0.0380	208.2	100.0
82	63	7.342	0.0793	0.1931	208.2	100.0
82	64	7.051	0.1721	0.3240	201.7	100.0
82	65	6.719	0.1824	0.3044	193.2	100.0
82	66	7.741	0.1403	0.2639	202.8	100.0
82	69	8.474	0.2001	0.4399	161.6	100.0
82	92	6.553	0.0266	0.0693	211.7	100.0
82	93	6.823	0.1339	0.2760	166.8	100.0
82	94	6.662	0.1511	0.3518	156.0	100.0
82	97	7.722	0.5140	0.7322	150.4	100.0
82	98	6.776	0.5865	0.7687	157.5	100.0
82	99	6.593	0.1353	0.3104	179.5	100.0
83	63	6.861	0.0426	0.0837	191.5	100.0
83	64	8.066	0.1272	0.2308	187.5	100.0
83	65	7.558	0.0579	0.1346	169.8	100.0
83	66	7.327	0.0414	0.0750	190.0	100.0
83	72	7.769	0.2312	0.4589	176.7	100.0
83	74	7.508	0.1257	0.1820	170.7	100.0
83	88	5.531	0.0078	0.0182	198.2	100.0
83	89	6.321	0.1655	0.3628	191.4	100.0
83	91	6.726	0.1093	0.2934	180.8	100.0
83	92	7.398	0.2189	0.4637	190.8	100.0
83	96	6.807	0.2282	0.2587	160.6	100.0
83	97	8.690	0.5744	1.0180	157.4	100.0
83	98	6.808	0.3984	0.6281	188.3	100.0
83	99	5.505	0.0014	0.0046	183.1	100.0
83	115	5.591	0.0007	0.0024	255.0	100.0
84	61	6.053	0.0478	0.1357	170.0	100.0
84	64	6.985	0.0988	0.2448	165.8	100.0
84	65	7.376	0.1406	0.2684	159.2	100.0
84	71	6.552	0.0138	0.0312	179.6	100.0
84	72	6.570	0.0063	0.0124	0.0	100.0
84	74	8.801	0.0991	0.2063	166.7	100.0
84	75	6.869	0.0276	0.0549	157.2	100.0
84	88	6.155	0.3252	0.6467	170.0	100.0
84	89	6.839	0.5751	1.0068	168.8	100.0
84	90	6.926	0.5384	1.0081	170.4	100.0
84	97	7.129	0.4856	0.7478	166.9	100.0
84	98	6.364	0.0384	0.1006	153.4	100.0
85	62	6.986	0.0016	0.0048	163.5	100.0
85	64	6.278	0.0151	0.0464	157.3	100.0
85	65	7.104	0.0569	0.1191	197.7	100.0
85	66	7.390	0.0550	0.1300	142.3	100.0
85	67	7.946	0.0862	0.2037	150.2	100.0
85	68	8.558	0.1903	0.2891	176.6	100.0
85	71	6.616	0.0252	0.0563	182.2	100.0
85	73	6.746	0.2704	0.5460	182.6	100.0
85	87	5.969	0.2774	0.5133	146.9	100.0
85	88	6.212	0.3756	0.7199	166.7	100.0
85	89	7.573	0.5019	1.0439	181.5	100.0
85	90	7.993	0.5433	1.0637	174.9	100.0
85	97	6.801	0.2623	0.3376	152.1	100.0
85	98	7.315	0.0904	0.2359	212.3	100.0
86	67	6.795	0.0230	0.0522	162.0	100.0
86	68	7.689	0.0953	0.1530	172.0	100.0
86	69	7.498	0.4406	0.7084	173.1	100.0
86	70	7.012	0.3439	0.5548	186.6	100.0
86	71	7.834	0.3230	0.4872	195.0	100.0
86	72	8.708	0.1911	0.2858	149.4	100.0
86	73	7.826	0.3649	0.6212	188.0	100.0
86	74	7.604	0.4931	0.7880	184.5	100.0
86	75	7.471	0.4812	0.8446	180.7	100.0
86	76	6.828	0.1337	0.2232	174.8	100.0
86	78	6.608	0.2580	0.4157	179.6	100.0
86	87	6.492	0.0797	0.1558	195.8	100.0
86	88	7.270	0.5574	1.0258	178.3	100.0
86	89	9.547	0.1131	0.5155	179.4	100.0
86	90	7.762	0.5084	1.0387	163.0	100.0
86	91	6.827	0.2182	0.4405	174.8	100.0
86	98	7.920	0.1829	0.2735	172.1	100.0
86	99	6.821	0.0432	0.0970	199.4	100.0
86	103	3.758	0.0001	0.0004	160.6	100.0
87	64	6.502	0.0068	0.0197	139.8	100.0
87	67	6.911	0.0532	0.1452	157.8	100.0
87	68	7.457	0.1363	0.2140	176.9	100.0
87	69	6.377	0.0234	0.0549	135.4	100.0
87	70	6.810	0.2981	0.3678	191.1	100.0
87	71	8.002	0.4226	0.4840	177.7	100.0
87	72	8.468	0.5391	1.0070	170.5	100.0
87	73	8.220	0.5468	0.8956	188.9	100.0
87	74	7.857	0.5363	0.9203	169.7	100.0
87	75	7.912	0.4693	0.7996	188.6	100.0
87	76	8.258	0.4542	0.7853	194.9	100.0
87	77	7.604	0.4138	0.7536	178.6	100.0
87	78	6.517	0.3354	0.5183	180.9	100.0
87	84	7.383	0.1415	0.2890	184.9	100.0
87	87	6.773	0.2114	0.4292	163.8	100.0
87	88	6.870	0.5251	1.0060	165.0	100.0
87	89	7.062	0.5135	0.9966	161.0	100.0
87	90	7.434	0.5407	0.8496	194.4	100.0
87	91	6.906	0.4123	0.7000	172.5	100.0
87	92	6.358	0.1630	0.3718	179.0	100.0
87	97	6.499	0.3327	0.4809	163.5	100.0
87	98	6.227	0.2302	0.4451	155.9	100.0
87	102	6.345	0.4524	0.7872	177.3	100.0
87	103	4.540	0.0003	0.0012	170.9	100.0
88	67	7.232	0.0491	0.1295	185.4	100.0
88	68	7.328	0.1101	0.2820	178.5	100.0
88	69	6.931	0.0654	0.1076	156.9	100.0
88	70	6.802	0.3293	0.4143	190.9	100.0
88	71	7.532	0.5294	0.5776	165.4	100.0
88	72	8.236	0.5904	0.9698	175.2	100.0
88	73	9.494	0.5036	1.0115	178.3	100.0
88	74	9.026	0.5837	1.0246	181.4	100.0
88	75	9.680	0.5875	1.0658	176.2	100.0
88	76	9.082	0.5464	1.0268	195.4	100.0
88	77	9.232	0.5124	1.0450	168.3	100.0
88	78	8.108	0.5815	1.0213	157.9	100.0
88	86	6.795	0.0779	0.1938	174.1	100.0
88	87	6.732	0.2317	0.4071	147.8	100.0
88	89	6.645	0.0588	0.1156	206.5	100.0
88	90	7.056	0.4035	0.6942	188.7	100.0
88	91	6.888	0.5577	1.0140	183.3	100.0
88	92	6.628	0.4222	0.8072	173.9	100.0
88	95	7.103	0.1112	0.1963	193.4	100.0
88	97	7.027	0.1780	0.2169	142.2	100.0
88	98	6.225	0.0105	0.0236	89.4	100.0
88	103	7.605	0.0744	0.2080	154.6	100.0
88	119	6.193	0.1341	0.3305	168.7	100.0
89	61	5.815	0.0057	0.0172	100.8	100.0
89	64	6.193	0.0145	0.0369	200.6	100.0
89	66	6.777	0.0182	0.0473	145.2	100.0
89	67	7.373	0.2094	0.4600	174.9	100.0
89	68	7.453	0.0546	0.1090	193.1	100.0
89	69	6.895	0.0594	0.1089	189.6	100.0
89	70	7.215	0.0520	0.1070	179.8	100.0
89	71	7.488	0.1528	0.2203	164.4	100.0
89	72	8.045	0.3005	0.3938	176.3	100.0
89	73	8.147	0.4839	0.8121	172.2	100.0
89	74	9.885	0.5695	1.0566	170.2	100.0
89	75	9.900	0.5206	1.0694	165.1	100.0
89	76	9.167	0.5114	1.0649	172.1	100.0
89	77	8.799	0.5586	1.0215	165.5	100.0
89	78	8.047	0.4901	0.9012	165.6	100.0
89	79	7.324	0.3893	0.7239	189.9	100.0
89	80	7.114	0.2419	0.5009	188.1	100.0
89	82	6.177	0.1345	0.2508	181.0	100.0
89	83	6.718	0.0223	0.0465	131.5	100.0
89	85	6.772	0.0668	0.1506	178.9	100.0
89	86	6.579	0.4420	0.8733	172.1	100.0
89	87	7.341	0.1826	0.2818	167.4	100.0
89	88	8.025	0.1229	0.1847	163.9	100.0
89	89	8.298	0.1101	1.0170	167.0	100.0
89	90	8.076	0.4122	0.8331	197.0	100.0
89	91	7.962	0.4840	0.9656	210.9	100.0
89	92	7.260	0.3982	0.8425	191.3	100.0
89	93	6.247	0.2762	0.5223	194.7	100.0
89	94	6.274	0.1080	0.2405	175.8	100.0
89	97	7.276	0.2335	0.2764	148.4	100.0
89	98	6.212	0.0157	0.0356	131.9	100.0
89	100	6.659	0.0092	0.0296	187.0	100.0
89	102	5.568	0.0691	0.1821	159.7	100.0
89	103	6.045	0.0010	0.0028	163.4	100.0
89	110	5.677	0.0052	0.0165	198.8	100.0
89	111	7.501	0.0186	0.0404	161.7	100.0
90	65	6.336	0.2783	0.6728	175.6	100.0
90	66	5.632	0.0052	0.0164	178.4	100.0
90	67	7.310	0.0499	0.1151	196.7	100.0
90	68	8.475	0.1250	0.2424	189.1	100.0
90	69	7.868	0.1236	0.2572	191.1	100.0
90	70	7.370	0.4032	0.5646	195.4	100.0
90	71	8.735	0.2466	0.3560	173.3	100.0
90	72	7.510	0.1428	0.2991	187.1	100.0
90	73	7.251	0.1980	0.3751	182.5	100.0
90	74	8.458	0.3484	0.6608	174.9	100.0
90	75	9.723	0.5777	1.0419	189.5	100.0
90	76	8.829	0.1145	1.0846	168.2	100.0
90	77	7.069	0.5393	0.8719	159.9	100.0
90	78	6.654	0.2930	0.5164	172.5	100.0
90	79	8.658	0.3994	0.8424	183.2	100.0
90	87	7.378	0.1470	0.2873	174.2	100.0
90	88	7.917	0.1532	0.2652	167.7	100.0
90	89	8.717	0.4833	0.9721	181.6	100.0
90	90	9.548	0.5133	1.0451	187.0	100.0
90	91	9.773	0.5419	1.0801	199.2	100.0
90	92	8.202	0.5678	1.0346	199.5	100.0
90	93	6.479	0.3306	0.6511	182.5	100.0
90	94	6.208	0.0988	0.2186	200.7	100.0
90	95	6.702	0.0481	0.0563	151.3	100.0
90	97	7.898	0.3687	0.5886	158.7	100.0
90	98	5.650	0.1039	0.2359	169.8	100.0
90	100	6.540	0.2121	0.4479	169.9	100.0
90	101	6.075	0.4383	0.8588	167.1	100.0
90	102	6.381	0.2778	0.5267	157.6	100.0
90	103	3.972	0.0002	0.0005	172.5	100.0
90	110	5.502	0.0025	0.0059	175.8	100.0
90	111	5.694	0.0078	0.0163	161.0	100.0
91	64	6.718	0.0030	0.0097	224.7	100.0
91	65	6.544	0.1085	0.2754	174.9	100.0
91	66	6.299	0.0285	0.0740	150.9	100.0
91	67	6.542	0.1060	0.2306	167.5	100.0
91	68	6.797	0.1908	0.3850	189.1	100.0
91	69	8.423	0.2059	0.4192	192.4	100.0
91	70	8.669	0.3615	0.7054	186.4	100.0
91	71	8.663	0.3170	0.6538	196.4	100.0
91	72	7.461	0.4485	0.7335	187.0	100.0
91	73	8.357	0.2118	0.3708	162.1	100.0
91	74	8.698	0.4153	0.8157	175.8	100.0
91	75	9.572	0.5735	1.0165	180.5	100.0
91	76	9.158	0.5024	1.0338	162.3	100.0
91	77	7.334	0.1264	0.2198	172.8	100.0
91	78	6.866	0.1304	0.2645	171.4	100.0
91	79	7.872	0.5554	1.0078	195.6	100.0
91	81	8.069	0.1493	0.3051	165.3	100.0
91	82	6.422	0.0320	0.0770	166.8	100.0
91	84	7.735	0.1360	0.1653	185.4	100.0
91	86	8.081	0.0649	0.1513	185.7	100.0
91	87	8.373	0.2015	0.4760	168.7	100.0
91	88	9.268	0.2143	0.4429	179.3	100.0
91	89	8.963	0.2727	0.4780	179.7	100.0
91	90	10.048	0.5756	1.0342	203.4	100.0
91	91	10.691	0.5715	1.0899	188.4	100.0
91	92	9.111	0.5647	1.0996	177.9	100.0
91	93	8.193	0.5517	1.0201	183.8	100.0
91	94	6.982	0.5482	1.0030	180.9	100.0
91	95	6.485	0.1364	0.2635	189.8	100.0
91	96	8.919	0.5953	1.0028	173.1	100.0
91	97	8.202	0.5419	0.9770	193.8	100.0
91	98	7.322	0.4061	1.0065	180.6	100.0
91	99	7.354	0.5300	1.0316	168.8	100.0
91	100	5.990	0.0986	0.2147	144.4	100.0
91	101	6.572	0.3558	0.6896	156.8	100.0
91	102	6.110	0.1652	0.3175	174.4	100.0
91	106	7.705	0.0844	0.1184	191.1	100.0
91	107	10.469	0.2714	0.4412	181.4	100.0
91	108	8.178	0.5490	0.9919	179.1	100.0
91	109	6.300	0.0216	0.0605	191.2	100.0
91	110	6.814	0.0159	0.0405	202.2	100.0
91	111	5.191	0.0020	0.0064	170.8	100.0
91	117	7.073	0.0633	0.0565	151.6	100.0
92	63	8.391	0.0001	0.0004	179.2	100.0
92	64	6.287	0.0030	0.0103	113.9	100.0
92	65	7.413	0.0098	0.0286	162.5	100.0
92	66	7.083	0.0426	0.1102	172.9	100.0
92	67	6.842	0.1172	0.1930	195.3	100.0
92	68	6.813	0.5874	1.0228	178.7	100.0
92	69	8.103	0.2438	0.5213	192.7	100.0
92	70	8.456	0.3299	0.6303	201.0	100.0
92	71	7.246	0.3266	0.5282	189.9	100.0
92	72	7.609	0.3217	0.5590	179.2	100.0
92	73	7.957	0.5693	1.0519	177.3	100.0
92	74	8.687	0.4194	0.8549	180.2	100.0
92	75	8.305	0.2936	0.5078	183.9	100.0
92	76	8.528	0.4853	0.8729	187.7	100.0
92	77	7.463	0.2345	0.4535	190.2	100.0
92	78	6.698	0.0443	0.0741	163.3	100.0
92	81	6.623	0.0706	0.1463	166.3	100.0
92	82	7.657	0.5536	1.0017	172.8	100.0
92	83	6.753	0.4054	0.6345	178.4	100.0
92	84	7.104	0.2117	0.3387	178.4	100.0
92	86	7.923	0.2960	0.5125	185.5	100.0
92	87	8.185	0.1257	0.2289	169.1	100.0
92	88	10.522	0.1948	0.4641	179.9	100.0
92	89	10.335	0.5297	1.0309	175.6	100.0
92	90	10.865	0.1088	0.5029	206.7	100.0
92	91	10.443	0.1262	0.5017	182.0	100.0
92	92	9.057	0.5836	1.0446	191.6	100.0
92	93	7.804	0.5979	1.0157	182.7	100.0
92	94	7.203	0.2996	0.5163	168.7	100.0
92	95	7.746	0.5188	0.9447	182.1	100.0
92	96	9.361	0.1032	1.0502	174.4	100.0
92	97	9.264	0.1314	0.5201	170.3	100.0
92	98	8.898	0.5496	0.5269	159.1	100.0
92	99	8.117	0.4513	1.0010	169.0	100.0
92	100	6.030	0.1558	0.3685	165.8	100.0
92	101	7.499	0.4362	0.9857	165.3	100.0
92	102	6.206	0.0700	0.1527	173.4	100.0
92	103	7.035	0.0079	0.0168	186.5	100.0
92	106	8.522	0.4434	0.5612	177.5	100.0
92	107	11.445	0.4770	0.6281	183.4	100.0
92	108	8.434	0.5341	0.7749	188.0	100.0
92	109	6.592	0.1163	0.2585	186.0	100.0
92	110	7.212	0.0120	0.0289	114.8	100.0
92	111	7.136	0.2155	0.4635	157.7	100.0
93	44	5.137	0.0031	0.0073	318.2	100.0
93	45	6.117	0.0019	0.0063	318.1	100.0
93	49	7.285	0.0451	0.0960	180.2	100.0
93	50	8.273	0.3230	0.4459	196.5	100.0
93	61	7.102	0.2400	0.5883	180.2	100.0
93	62	7.271	0.0898	0.2203	211.0	100.0
93	64	7.568	0.3202	0.6924	168.8	100.0
93	65	7.883	0.1925	0.5123	180.3	100.0
93	66	7.617	0.1101	0.2741	189.4	100.0
93	67	7.629	0.1336	0.2407	201.9	100.0
93	68	7.129	0.1763	0.3342	206.1	100.0
93	69	9.296	0.1496	0.3484	181.7	100.0
93	70	7.247	0.2746	0.4589	184.8	100.0
93	71	7.101	0.3546	0.5527	174.6	100.0
93	72	7.279	0.4033	0.6682	173.0	100.0
93	73	7.856	0.3613	0.6636	181.0	100.0
93	74	8.020	0.4685	0.8536	165.9	100.0
93	75	8.202	0.3011	0.5942	177.9	100.0
93	76	8.878	0.3983	0.8170	188.2	100.0
93	77	8.261	0.4015	0.7452	166.9	100.0
93	78	7.339	0.3561	0.4762	181.7	100.0
93	81	6.094	0.0371	0.0714	146.7	100.0
93	82	7.750	0.3766	0.6253	165.8	100.0
93	84	8.083	0.1300	0.2536	195.4	100.0
93	86	8.263	0.0986	0.1606	178.4	100.0
93	87	9.289	0.2656	0.6045	169.1	100.0
93	88	8.800	0.1630	0.3822	172.4	100.0
93	89	9.155	0.5709	0.5159	190.1	100.0
93	90	10.604	0.4508	0.5325	198.4	100.0
93	91	10.688	0.5811	1.0420	200.5	100.0
93	92	9.527	0.5458	0.9383	194.2	100.0
93	93	8.279	0.5020	0.9809	186.8	100.0
93	94	7.891	0.5770	1.0161	170.5	100.0
93	95	9.214	0.5485	1.0647	182.1	100.0
93	96	10.707	0.5422	1.0695	181.4	100.0
93	97	8.954	0.5674	1.0713	163.2	100.0
93	98	9.230	0.5997	0.5079	174.6	100.0
93	99	7.958	0.5781	1.0259	164.2	100.0
93	100	8.260	0.2696	0.6646	169.9	100.0
93	101	7.743	0.5035	1.0367	172.4	100.0
93	102	6.860	0.3456	0.7696	175.9	100.0
93	103	6.068	0.0159	0.0326	163.5	100.0
93	106	10.420	0.3450	0.5118	184.7	100.0
93	108	7.869	0.2141	0.3832	180.9	100.0
93	109	7.669	0.1409	0.2604	184.1	100.0
93	111	5.714	0.0016	0.0054	281.6	100.0
93	112	4.249	0.0007	0.0025	213.8	100.0
93	113	6.500	0.1232	0.2633	165.4	100.0
94	47	6.533	0.1407	0.3103	176.9	100.0
94	48	6.007	0.0024	0.0080	268.7	100.0
94	49	6.821	0.0256	0.0597	243.1	100.0
94	50	7.669	0.0424	0.0842	246.5	100.0
94	62	7.299	0.0233	0.0508	176.4	100.0
94	65	8.038	0.2763	0.7239	178.5	100.0
94	66	7.607	0.1714	0.3960	180.2	100.0
94	67	7.230	0.0926	0.1908	183.8	100.0
94	68	7.198	0.1487	0.2863	166.1	100.0
94	69	8.229	0.2352	0.3945	205.8	100.0
94	70	7.597	0.2277	0.4446	191.7	100.0
94	71	7.559	0.3552	0.6373	188.3	100.0
94	72	7.498	0.2858	0.4755	182.0	100.0
94	73	7.281	0.4416	0.7283	185.0	100.0
94	74	7.717	0.3253	0.5592	167.2	100.0
94	75	7.942	0.1718	0.2616	176.6	100.0
94	76	8.925	0.1782	0.3541	192.6	100.0
94	77	9.373	0.4908	0.9587	182.5	100.0
94	78	9.009	0.1157	0.9617	210.1	100.0
94	79	8.421	0.2912	0.5474	180.3	100.0
94	80	8.389	0.5015	0.8364	174.5	100.0
94	82	6.673	0.0477	0.1151	148.6	100.0
94	83	7.338	0.0237	0.0537	156.5	100.0
94	84	6.368	0.3049	0.6571	155.7	100.0
94	85	7.341	0.1670	0.2860	160.6	100.0
94	86	7.737	0.3370	0.6697	168.4	100.0
94	87	10.132	0.5105	1.0283	167.8	100.0
94	88	9.794	0.4153	1.0037	168.6	100.0
94	89	9.229	0.5238	1.0984	186.5	100.0
94	90	10.036	0.2144	0.5472	176.1	100.0
94	91	10.532	0.5198	1.0042	192.0	100.0
94	92	10.348	0.5527	1.0122	167.1	100.0
94	93	9.536	0.3673	0.8099	178.7	100.0
94	94	7.896	0.3003	0.6306	173.6	100.0
94	95	9.385	0.5262	1.0611	181.3	100.0
94	96	10.017	0.5337	1.0486	172.9	100.0
94	97	10.063	0.5519	1.0270	161.1	100.0
94	98	9.949	0.5712	1.0976	143.8	100.0
94	99	9.095	0.5443	1.0427	162.3	100.0
94	100	8.714	0.2499	0.5681	167.6	100.0
94	101	6.838	0.5192	1.0068	167.0	100.0
94	102	6.548	0.1433	0.3226	180.4	100.0
94	104	6.499	0.1009	0.2145	165.6	100.0
94	105	10.026	0.0418	0.1108	155.2	100.0
94	110	5.928	0.0719	0.1027	168.1	100.0
94	111	5.671	0.0558	0.1037	185.0	100.0
94	112	5.395	0.0067	0.0180	129.0	100.0
94	114	4.006	0.0005	0.0018	135.8	100.0
94	115	6.424	0.0159	0.0458	152.5	100.0
94	116	6.655	0.0926	0.1708	186.6	100.0
95	66	7.654	0.2205	0.5142	185.5	100.0
95	67	6.730	0.0464	0.1347	159.0	100.0
95	68	6.725	0.0756	0.1676	182.2	100.0
95	69	6.947	0.0775	0.1497	191.7	100.0
95	70	7.914	0.0842	0.1790	201.1	100.0
95	71	7.720	0.2735	0.5156	169.7	100.0
95	72	7.478	0.4602	0.8449	154.1	100.0
95	73	7.738	0.3091	0.5366	173.4	100.0
95	74	8.836	0.3877	0.8008	187.2	100.0
95	75	8.677	0.3606	0.7568	193.2	100.0
95	76	9.258	0.5566	1.0120	178.8	100.0
95	77	8.836	0.3940	0.7357	195.2	100.0
95	78	8.058	0.3424	0.5637	188.2	100.0
95	80	8.934	0.5662	0.7292	171.4	100.0
95	81	7.625	0.5069	1.0288	166.8	100.0
95	82	4.000	0.1189	0.2488	90.0	100.0
95	83	4.000	0.1189	0.0232	90.0	100.0
95	84	4.000	0.1189	0.2488	90.0	100.0
95	85	7.239	0.2110	0.3028	188.5	100.0
95	86	8.498	0.5038	1.0549	167.7	100.0
95	87	9.132	0.1228	0.5656	151.0	100.0
95	88	9.364	0.5488	0.5180	155.3	100.0
95	89	9.168	0.1050	0.5444	174.4	100.0
95	90	9.358	0.5489	1.0739	173.3	100.0
95	91	10.053	0.5676	1.0377	171.8	100.0
95	92	9.922	0.5417	0.5045	173.7	100.0
95	93	9.277	0.4072	0.7612	163.5	100.0
95	94	9.800	0.2957	0.4450	153.0	100.0
95	95	9.740	0.4492	0.8730	161.5	100.0
95	96	11.020	0.4205	0.8837	148.0	100.0
95	97	9.360	0.5447	0.9861	159.4	100.0
95	98	9.777	0.5386	1.0239	155.9	100.0
95	99	10.825	0.1504	0.5945	170.3	100.0
95	100	9.437	0.4514	1.0049	172.9	100.0
95	101	7.168	0.1994	0.4342	173.8	100.0
95	102	5.331	0.1318	0.2800	159.1	100.0
95	103	7.286	0.1064	1.0334	139.6	100.0
95	104	6.768	0.0113	0.0295	158.2	100.0
95	113	7.820	0.1151	1.0805	172.7	100.0
95	114	6.764	0.1316	0.2931	196.6	100.0
95	115	6.106	0.0623	0.1373	189.7	100.0
95	116	6.782	0.0934	0.2088	178.0	100.0
95	117	8.112	0.1480	0.1443	148.3	100.0
96	63	7.095	0.0683	0.1915	165.7	100.0
96	66	7.043	0.0557	0.1369	163.1	100.0
96	67	7.208	0.0879	0.2072	169.3	100.0
96	68	7.020	0.0932	0.2162	176.7	100.0
96	69	8.062	0.1855	0.3565	186.2	100.0
96	70	7.772	0.1966	0.3537	170.7	100.0
96	71	7.675	0.3100	0.5793	188.2	100.0
96	72	7.316	0.2956	0.5354	177.8	100.0
96	73	7.014	0.2497	0.5145	170.5	100.0
96	74	8.052	0.2606	0.5986	180.6	100.0
96	75	7.780	0.2718	0.5128	191.5	100.0
96	76	9.254	0.5887	1.0016	183.9	100.0
96	77	9.022	0.4256	0.7898	180.9	100.0
96	78	9.438	0.3615	0.9533	175.0	100.0
96	80	8.580	0.2411	0.4074	166.6	100.0
96	81	6.484	0.1159	0.2046	169.5	100.0
96	82	4.000	0.1189	0.2488	90.0	100.0
96	83	4.000	0.1189	0.0232	90.0	100.0
96	84	4.000	0.1189	0.2488	90.0	100.0
96	85	6.920	0.0028	0.0070	201.0	100.0
96	86	7.404	0.1722	0.3573	164.9	100.0
96	87	8.914	0.5816	1.0784	154.5	100.0
96	88	8.855	0.1192	0.5585	151.2	100.0
96	89	8.835	0.1185	0.5868	150.1	100.0
96	90	9.759	0.5279	1.0208	188.4	100.0
96	91	10.747	0.4391	1.0101	190.6	100.0
96	92	10.048	0.5062	1.0945	182.7	100.0
96	93	9.549	0.5443	1.0611	151.0	100.0
96	94	9.882	0.4860	0.9510	163.3	100.0
96	95	11.231	0.3822	0.8153	147.9	100.0
96	96	11.123	0.5705	1.0375	151.4	100.0
96	97	10.137	0.3787	0.7509	155.5	100.0
96	98	10.653	0.5693	1.0265	149.3	100.0
96	99	10.461	0.5073	1.0506	182.1	100.0
96	100	9.142	0.5201	1.0494	193.9	100.0
96	101	10.338	0.3357	0.8109	173.6	100.0
96	102	6.633	0.1343	1.0102	162.2	100.0
96	103	7.075	0.3152	0.4329	158.8	100.0
96	104	6.073	0.0351	0.0620	170.0	100.0
96	107	6.962	0.0784	0.1755	156.1	100.0
96	112	8.624	0.5239	0.8315	174.8	100.0
96	114	7.532	0.3591	0.6655	165.9	100.0
96	115	7.084	0.0475	0.1020	173.7	100.0
96	116	7.221	0.1168	0.2244	182.6	100.0
97	63	6.454	0.1278	0.3258	159.0	100.0
97	64	6.209	0.0857	0.2270	177.6	100.0
97	65	6.668	0.0331	0.0737	143.0	100.0
97	67	7.961	0.0817	0.2199	179.9	100.0
97	68	7.221	0.1423	0.4037	156.0	100.0
97	69	7.021	0.0669	0.1398	190.3	100.0
97	70	7.077	0.1043	0.1751	176.4	100.0
97	71	8.558	0.2052	0.4099	189.1	100.0
97	73	8.620	0.1779	0.3841	175.7	100.0
97	74	11.108	0.1504	0.3928	190.5	100.0
97	75	7.805	0.2535	0.5073	179.9	100.0
97	76	8.489	0.3423	0.6865	151.8	100.0
97	80	6.513	0.1186	0.2260	162.1	100.0
97	81	6.866	0.1089	0.1976	178.2	100.0
97	82	4.000	0.1189	0.2488	90.0	100.0
97	83	4.000	0.1189	0.0232	90.0	100.0
97	84	4.000	0.1189	0.2488	90.0	100.0
97	85	6.590	0.0094	0.0203	188.8	100.0
97	86	7.053	0.1306	0.2414	135.6	100.0
97	87	7.820	0.1050	0.2166	177.3	100.0
97	88	9.428	0.5801	1.0843	144.1	100.0
97	89	9.089	0.1099	0.5520	139.9	100.0
97	90	8.057	0.2773	0.6368	173.9	100.0
97	91	10.533	0.5225	1.0325	195.1	100.0
97	92	10.602	0.5544	1.0900	202.2	100.0
97	93	9.450	0.5524	0.5096	171.8	100.0
97	94	9.405	0.1040	1.0918	169.3	100.0
97	95	10.777	0.4789	0.9931	176.7	100.0
97	96	9.450	0.3618	0.7858	145.9	100.0
97	97	9.792	0.2486	0.5331	174.3	100.0
97	98	11.039	0.1003	1.0905	165.8	100.0
97	99	10.834	0.5682	1.0865	170.7	100.0
97	100	9.637	0.1539	0.5202	169.8	100.0
97	101	8.174	0.1850	0.2935	167.2	100.0
97	103	7.492	0.2815	0.4747	149.5	100.0
97	104	5.524	0.0581	0.1272	162.7	100.0
97	105	6.414	0.2950	0.4526	157.0	100.0
97	113	7.479	0.2863	0.6488	175.3	100.0
97	114	6.877	0.1020	0.2069	172.1	100.0
97	116	8.672	0.1890	0.2204	195.3	100.0
97	118	7.275	0.1130	0.2558	180.8	100.0
97	119	6.712	0.0381	0.0740	190.7	100.0
98	66	6.756	0.0009	0.0044	0.0	100.0
98	67	6.718	0.0034	0.0075	0.0	100.0
98	68	6.570	0.0086	0.0257	151.0	100.0
98	69	6.795	0.0815	0.1706	166.3	100.0
98	70	8.095	0.1781	0.3467	197.5	100.0
98	78	8.073	0.1412	0.2639	163.7	100.0
98	81	6.734	0.0927	0.1833	168.0	100.0
98	82	7.445	0.1028	0.1961	179.1	100.0
98	83	7.476	0.0453	0.0793	163.4	100.0
98	84	7.477	0.1190	0.1234	148.6	100.0
98	85	8.315	0.0242	0.0363	197.2	100.0
98	86	8.150	0.1219	0.2300	128.2	100.0
98	87	8.313	0.1466	0.3653	176.1	100.0
98	88	8.444	0.1242	0.2436	153.3	100.0
98	89	8.077	0.5390	1.0261	157.4	100.0
98	90	8.494	0.5648	1.0220	178.3	100.0
98	91	9.605	0.4886	0.9807	179.9	100.0
98	92	9.486	0.5504	1.0668	170.4	100.0
98	93	9.604	0.5610	1.0428	186.4	100.0
98	94	8.243	0.4253	0.9967	192.3	100.0
98	95	10.848	0.5280	1.0131	165.2	100.0
98	96	9.773	0.3523	0.7748	149.3	100.0
98	97	9.564	0.2907	0.5449	171.1	100.0
98	98	11.056	0.4511	0.9859	202.4	100.0
98	99	10.565	0.5845	1.0710	172.8	100.0
98	100	9.779	0.2623	0.5486	165.8	100.0
98	101	9.876	0.3742	0.8240	173.7	100.0
98	102	9.407	0.5149	0.8965	174.7	100.0
98	103	7.864	0.5956	1.0086	170.7	100.0
98	104	6.368	0.0447	0.0882	155.5	100.0
98	105	6.775	0.3913	0.3223	155.4	100.0
98	107	5.505	0.0067	0.0182	186.0	100.0
98	108	6.009	0.0095	0.0277	213.4	100.0
98	113	6.917	0.1579	0.2578	170.7	100.0
98	114	6.657	0.0355	0.0904	193.8	100.0
98	115	7.970	0.3967	0.5437	178.0	100.0
98	116	7.350	0.2667	0.4306	175.1	100.0
98	117	7.572	0.1879	0.2728	181.5	100.0
98	118	7.752	0.2699	0.4507	187.3	100.0
98	119	8.244	0.0992	0.2205	178.0	100.0
99	74	6.222	0.0006	0.0018	160.0	100.0
99	75	5.931	0.0066	0.0178	147.7	100.0
99	81	6.844	0.0634	0.1152	182.9	100.0
99	82	6.849	0.3154	0.6211	146.9	100.0
99	83	9.009	0.1058	1.0954	186.0	100.0
99	84	7.496	0.1020	0.1067	149.2	100.0
99	85	5.946	0.2098	0.3125	190.2	100.0
99	86	7.376	0.1318	0.2742	167.0	100.0
99	87	8.794	0.1541	0.4028	169.1	100.0
99	89	7.486	0.1563	0.3189	167.2	100.0
99	91	10.095	0.5364	1.0216	183.7	100.0
99	92	10.176	0.5455	1.0282	187.8	100.0
99	93	10.079	0.5189	0.5109	179.7	100.0
99	94	9.282	0.5235	1.0123	172.6	100.0
99	95	10.916	0.1276	1.0825	152.1	100.0
99	96	10.338	0.1074	1.0106	147.3	100.0
99	97	10.537	0.3293	0.6294	178.5	100.0
99	98	11.429	0.5154	1.0155	190.1	100.0
99	99	11.052	0.5446	1.0467	173.2	100.0
99	100	10.658	0.4056	0.9031	178.2	100.0
99	101	9.357	0.1811	0.3945	170.6	100.0
99	102	10.287	0.5747	1.0411	169.6	100.0
99	103	8.178	0.1052	0.2019	168.0	100.0
99	104	6.303	0.0376	0.0413	177.3	100.0
99	105	7.934	0.5617	0.7596	168.5	100.0
99	106	7.677	0.3423	0.3543	199.7	100.0
99	110	7.145	0.0003	0.0010	185.2	100.0
99	111	6.663	0.3208	0.4914	203.7	100.0
99	116	7.789	0.3767	0.5367	157.4	100.0
99	117	8.416	0.1147	0.2633	188.9	100.0
99	118	8.813	0.1238	0.2083	194.4	100.0
99	119	7.002	0.1252	0.2995	175.7	100.0
100	70	6.064	0.0155	0.0378	163.7	100.0
100	74	6.438	0.0080	0.0193	155.7	100.0
100	75	5.688	0.1156	0.2804	136.4	100.0
100	76	7.713	0.1160	1.0764	165.9	100.0
100	80	7.077	0.0309	0.0739	153.6	100.0
100	84	7.362	0.1464	0.2811	178.7	100.0
100	85	6.216	0.1038	0.1603	171.5	100.0
100	86	6.518	0.1767	0.3367	164.5	100.0
100	89	8.617	0.1466	0.3610	168.8	100.0
100	90	8.651	0.2324	0.4856	173.8	100.0
100	91	9.260	0.4259	0.8658	179.7	100.0
100	92	10.079	0.5451	1.0712	180.9	100.0
100	93	9.635	0.5488	1.0821	184.9	100.0
100	94	9.059	0.5475	0.5499	171.4	100.0
100	95	11.365	0.4994	1.0110	165.1	100.0
100	96	10.522	0.5662	1.0259	150.2	100.0
100	97	11.582	0.5336	1.0607	158.6	100.0
100	98	12.499	0.1066	1.0748	184.6	100.0
100	99	11.589	0.4343	0.9702	176.0	100.0
100	100	11.689	0.4474	1.0047	180.2	100.0
100	101	10.228	0.2987	0.6988	181.5	100.0
100	102	10.077	0.5957	1.0096	176.6	100.0
100	103	8.663	0.5812	1.0090	193.4	100.0
100	104	7.494	0.5653	0.7959	189.9	100.0
100	105	7.064	0.2939	0.3160	190.2	100.0
100	106	7.400	0.3714	0.4281	174.5	100.0
100	108	7.945	0.2004	1.0690	173.7	100.0
100	109	7.060	0.1604	0.1897	182.5	100.0
100	110	7.442	0.1249	0.2251	160.1	100.0
100	111	6.430	0.0320	0.0509	163.8	100.0
100	112	5.955	0.0273	0.0437	167.7	100.0
100	117	7.491	0.0500	0.1139	172.7	100.0
100	118	7.638	0.2816	0.6380	174.9	100.0
100	119	9.239	0.0325	0.0697	164.6	100.0
101	70	5.916	0.0047	0.0149	162.5	100.0
101	76	6.585	0.2174	0.4399	178.7	100.0
101	80	6.646	0.0717	0.1542	183.6	100.0
101	81	8.259	0.1692	0.3429	188.9	100.0
101	86	7.869	0.1774	0.3840	184.2	100.0
101	91	9.422	0.5218	1.0466	171.1	100.0
101	92	8.758	0.5577	1.0257	167.3	100.0
101	93	9.429	0.5249	1.0583	185.1	100.0
101	94	9.650	0.5624	0.5070	176.9	100.0
101	95	10.980	0.5680	1.0250	162.4	100.0
101	96	11.403	0.5069	1.0241	179.0	100.0
101	97	11.550	0.1093	1.0741	173.5	100.0
101	98	11.756	0.4752	1.0100	168.9	100.0
101	99	10.687	0.3952	0.8482	177.5	100.0
101	100	10.196	0.5731	1.0063	174.8	100.0
101	101	9.541	0.1543	1.0627	172.5	100.0
101	102	9.202	0.5653	1.0305	173.1	100.0
101	103	11.653	0.3195	0.5636	193.9	100.0
101	104	7.723	0.5319	1.0060	186.4	100.0
101	105	6.675	0.3238	0.4297	168.4	100.0
101	106	7.254	0.3270	0.3877	175.7	100.0
101	107	7.421	0.3408	0.3926	170.6	100.0
101	108	7.660	0.2832	0.3813	199.5	100.0
101	110	7.682	0.1744	0.2091	196.6	100.0
101	111	7.341	0.1907	0.2380	165.8	100.0
101	112	6.035	0.0203	0.0462	149.6	100.0
101	114	6.978	0.1131	0.1673	181.0	100.0
101	118	7.019	0.0191	0.0481	178.3	100.0
101	119	6.577	0.0197	0.0402	198.4	100.0
102	73	7.160	0.0317	0.0895	158.3	100.0
102	76	6.215	0.1386	0.2271	141.0	100.0
102	78	6.497	0.0922	0.1648	180.7	100.0
102	79	7.342	0.0646	0.1553	163.9	100.0
102	80	7.122	0.1300	0.2636	178.4	100.0
102	84	5.434	0.1070	0.1996	176.2	100.0
102	85	7.537	0.2227	0.4437	170.0	100.0
102	86	7.691	0.1852	0.4379	193.9	100.0
102	87	7.750	0.2511	0.4600	193.8	100.0
102	91	8.117	0.2723	0.5445	161.1	100.0
102	92	8.426	0.0665	0.1240	195.9	100.0
102	93	8.209	0.2134	0.5243	201.2	100.0
102	94	9.687	0.5194	1.0322	174.5	100.0
102	95	11.612	0.5191	0.9587	169.4	100.0
102	96	12.247	0.5715	1.0534	175.1	100.0
102	97	11.240	0.4749	1.0050	190.5	100.0
102	98	11.581	0.3112	0.7275	173.1	100.0
102	99	11.449	0.4314	0.9231	178.9	100.0
102	100	10.667	0.5519	0.8464	170.7	100.0
102	101	9.756	0.5360	0.7848	180.6	100.0
102	102	7.802	0.2674	0.5940	172.5	100.0
102	103	7.509	0.5532	0.8423	179.1	100.0
102	104	7.764	0.5802	1.0292	190.2	100.0
102	105	6.176	0.1493	0.2429	178.9	100.0
102	106	5.625	0.0244	0.0335	138.1	100.0
102	112	6.584	0.0341	0.0705	144.7	100.0
103	79	7.742	0.1619	0.3024	194.2	100.0
103	83	7.855	0.0979	0.1705	177.2	100.0
103	84	7.801	0.1773	0.3801	163.8	100.0
103	85	9.674	0.3984	0.9324	186.6	100.0
103	86	8.908	0.3810	0.8948	183.1	100.0
103	87	8.779	0.2484	0.4052	183.2	100.0
103	93	9.002	0.5812	1.0974	168.6	100.0
103	94	7.537	0.1614	0.5633	186.3	100.0
103	95	9.486	0.5480	1.0131	183.9	100.0
103	96	12.465	0.1517	0.5713	177.2	100.0
103	97	12.053	0.4224	0.9499	179.0	100.0
103	98	11.411	0.5222	1.0030	208.5	100.0
103	99	11.223	0.4628	1.0059	177.2	100.0
103	100	10.139	0.5609	1.0287	167.8	100.0
103	101	10.540	0.5076	1.0382	185.6	100.0
103	102	8.029	0.5896	0.9144	181.1	100.0
103	103	7.353	0.5576	1.0084	180.2	100.0
103	104	6.474	0.4075	0.6499	188.1	100.0
103	105	6.449	0.1963	0.4016	187.2	100.0
103	106	5.889	0.0331	0.0974	185.3	100.0
103	107	6.229	0.2542	0.4662	181.1	100.0
103	113	5.433	0.0026	0.0077	179.6	100.0
104	70	5.611	0.0018	0.0064	132.5	100.0
104	72	6.769	0.1748	0.3848	177.6	100.0
104	73	6.950	0.1209	0.2581	151.9	100.0
104	76	7.479	0.0736	0.1732	163.8	100.0
104	77	8.349	0.0873	0.2325	188.5	100.0
104	79	7.656	0.1865	0.4085	175.9	100.0
104	83	8.340	0.0812	0.1821	171.3	100.0
104	84	8.661	0.5254	1.0605	178.2	100.0
104	85	7.169	0.2173	0.5906	186.1	100.0
104	86	8.932	0.2564	0.7171	181.6	100.0
104	87	8.151	0.3057	0.7247	185.3	100.0
104	88	8.648	0.1490	0.2938	189.1	100.0
104	92	8.964	0.2551	0.5984	171.4	100.0
104	93	9.948	0.4686	1.0107	161.3	100.0
104	94	10.136	0.1819	1.0894	158.7	100.0
104	95	10.669	0.1449	0.5147	150.4	100.0
104	96	10.391	0.5337	1.0297	188.7	100.0
104	97	10.682	0.5374	1.0367	177.4	100.0
104	99	11.574	0.5245	1.0508	183.7	100.0
104	100	10.945	0.1038	1.0937	177.9	100.0
104	101	9.039	0.5188	1.0322	202.1	100.0
104	102	6.615	0.1547	0.2588	173.8	100.0
104	103	6.593	0.2051	0.4489	189.5	100.0
104	104	6.386	0.3273	0.7162	197.5	100.0
104	105	6.985	0.5208	1.0391	173.8	100.0
104	106	6.142	0.2424	0.4343	157.5	100.0
104	107	5.064	0.0028	0.0065	172.6	100.0
104	108	6.390	0.0753	0.1715	157.6	100.0
105	71	6.409	0.0018	0.0051	149.3	100.0
105	72	6.788	0.0808	0.1730	161.5	100.0
105	73	7.615	0.0980	0.2016	144.2	100.0
105	74	7.992	0.5664	1.0353	164.9	100.0
105	75	6.753	0.5143	0.9441	176.4	100.0
105	76	6.755	0.2286	0.3990	169.4	100.0
105	77	8.102	0.1624	0.3190	184.1	100.0
105	82	8.120	0.0617	0.1198	178.7	100.0
105	84	7.940	0.1517	0.3773	174.3	100.0
105	85	8.263	0.4623	0.8915	177.9	100.0
105	86	8.733	0.1887	0.4425	177.1	100.0
105	88	7.783	0.2442	0.4064	168.9	100.0
105	92	8.964	0.5025	1.0264	165.6	100.0
105	93	9.538	0.5701	1.0750	191.0	100.0
105	94	10.280	0.1948	0.5659	163.1	100.0
105	95	9.525	0.5632	1.0152	140.5	100.0
105	96	11.050	0.5820	1.0620	156.6	100.0
105	97	10.161	0.3312	0.6829	174.0	100.0
105	98	11.510	0.5284	1.0509	185.5	100.0
105	99	10.588	0.5918	1.0631	167.0	100.0
105	100	8.639	0.2154	0.3850	178.4	100.0
105	101	7.104	0.2183	0.2664	158.8	100.0
105	102	7.333	0.1145	0.5051	174.8	100.0
105	103	6.311	0.3858	0.9129	181.0	100.0
105	104	6.331	0.4216	0.7961	182.1	100.0
105	105	6.819	0.3904	0.8457	169.0	100.0
105	106	6.684	0.0951	0.1772	160.2	100.0
105	107	6.047	0.0106	0.0290	223.5	100.0
106	59	5.642	0.0025	0.0076	218.6	100.0
106	70	6.305	0.0071	0.0193	205.7	100.0
106	75	7.378	0.1801	0.3354	140.6	100.0
106	76	7.301	0.0982	0.2089	162.7	100.0
106	77	7.619	0.1737	0.3358	186.5	100.0
106	84	9.081	0.0899	0.2258	176.1	100.0
106	85	9.444	0.5574	1.0575	165.5	100.0
106	86	8.365	0.1328	0.3056	215.1	100.0
106	93	9.986	0.5585	1.0471	187.1	100.0
106	94	11.120	0.5141	1.0208	165.1	100.0
106	95	9.830	0.5656	1.0274	162.6	100.0
106	96	10.633	0.4711	1.0014	175.9	100.0
106	97	11.065	0.5200	1.0540	178.6	100.0
106	98	10.488	0.4402	0.9612	158.0	100.0
106	99	10.402	0.5138	1.0002	149.8	100.0
106	100	6.785	0.0169	0.0304	181.1	100.0
106	102	7.930	0.1014	1.0686	178.1	100.0
106	103	7.785	0.5828	1.0561	164.4	100.0
106	104	7.273	0.5609	1.0208	167.4	100.0
106	105	6.414	0.1988	0.5001	183.8	100.0
106	106	5.856	0.0103	0.0265	163.7	100.0
107	74	8.020	0.0617	0.1453	149.9	100.0
107	77	8.163	0.0524	0.1046	180.7	100.0
107	78	8.225	0.0582	0.1183	190.6	100.0
107	79	7.191	0.4646	0.8951	175.8	100.0
107	80	8.640	0.5364	1.0701	183.1	100.0
107	81	9.129	0.3660	0.7736	160.6	100.0
107	82	9.536	0.4584	1.0059	165.7	100.0
107	83	9.493	0.3498	0.8704	168.0	100.0
107	84	12.075	0.5169	1.0842	158.5	100.0
107	85	9.101	0.4435	1.0038	164.0	100.0
107	86	7.499	0.2026	0.4360	165.9	100.0
107	87	6.139	0.0913	0.1620	146.7	100.0
107	89	6.434	0.1913	0.3178	166.5	100.0
107	90	8.452	0.2997	0.6494	147.7	100.0
107	91	7.392	0.2386	0.4754	176.0	100.0
107	92	7.807	0.2427	0.5579	164.6	100.0
107	93	9.673	0.4327	1.0129	150.7	100.0
107	94	10.139	0.1279	0.5256	168.5	100.0
107	95	10.172	0.5865	1.0873	160.6	100.0
107	96	11.242	0.1038	0.5063	177.0	100.0
107	97	10.535	0.5078	1.0069	179.6	100.0
107	98	10.108	0.3706	0.7870	160.0	100.0
107	99	10.582	0.5829	1.0291	183.2	100.0
107	100	8.954	0.5367	0.7982	174.3	100.0
107	101	7.529	0.2773	0.5199	160.7	100.0
107	102	8.983	0.1541	0.5395	177.9	100.0
107	103	9.063	0.5381	1.0718	176.7	100.0
107	104	6.806	0.5332	0.9239	167.7	100.0
107	105	6.094	0.0797	0.1842	189.8	100.0
107	106	4.644	0.0019	0.0063	115.1	100.0
108	64	6.012	0.0111	0.0313	196.7	100.0
108	79	7.222	0.2118	0.4272	177.6	100.0
108	80	7.597	0.1556	0.3554	156.9	100.0
108	81	9.204	0.5238	1.0141	188.1	100.0
108	84	9.058	0.3909	0.9514	183.2	100.0
108	85	9.404	0.5530	1.0456	159.7	100.0
108	86	9.263	0.4232	0.8513	174.3	100.0
108	91	8.581	0.3283	0.6256	192.9	100.0
108	92	7.786	0.5279	1.0277	170.3	100.0
108	93	9.524	0.5467	0.5347	163.1	100.0
108	94	11.990	0.2328	0.5006	161.6	100.0
108	95	9.331	0.5863	1.0345	171.1	100.0
108	96	9.399	0.2673	0.4582	177.6	100.0
108	97	9.068	0.2321	0.4342	174.9	100.0
108	99	10.242	0.5885	1.0003	161.5	100.0
108	100	9.785	0.3213	0.3901	166.2	100.0
108	101	7.630	0.5920	1.0225	160.0	100.0
108	102	6.937	0.2695	0.4924	198.5	100.0
108	103	3.728	0.0001	0.0003	160.0	100.0
109	65	6.688	0.0455	0.1070	178.4	100.0
109	69	6.196	0.0209	0.0494	184.3	100.0
109	77	5.848	0.0076	0.0133	169.1	100.0
109	78	8.079	0.1036	1.0065	176.8	100.0
109	79	8.904	0.1709	0.5478	175.5	100.0
109	80	8.664	0.5158	0.9280	160.4	100.0
109	81	8.695	0.3789	0.8549	169.6	100.0
109	84	8.744	0.1960	0.4463	162.1	100.0
109	85	9.207	0.5009	1.0272	165.2	100.0
109	86	8.734	0.5860	1.0981	168.0	100.0
109	87	9.664	0.3070	0.7474	200.3	100.0
109	91	9.008	0.3765	0.7600	176.5	100.0
109	92	10.358	0.3010	0.8067	167.8	100.0
109	93	11.773	0.1590	0.5054	177.5	100.0
109	94	10.133	0.2721	1.0494	158.0	100.0
109	95	8.950	0.5720	1.0351	181.2	100.0
109	96	9.494	0.3440	0.7317	167.3	100.0
109	97	8.438	0.1899	0.3669	160.9	100.0
109	99	8.055	0.2476	0.4899	181.9	100.0
109	100	7.277	0.1210	1.0371	166.3	100.0
109	101	7.928	0.5645	1.0105	156.6	100.0
110	76	6.032	0.0002	0.0004	350.2	100.0
110	77	6.580	0.1783	0.1370	234.8	100.0
110	78	10.186	0.2413	0.5800	175.6	100.0
110	79	10.672	0.4096	0.5838	168.3	100.0
110	81	10.000	0.1812	0.5164	153.7	100.0
110	83	9.830	0.3788	0.7666	168.7	100.0
110	84	9.416	0.5720	1.0304	167.9	100.0
110	85	9.127	0.4092	1.0004	169.6	100.0
110	86	9.964	0.4045	0.9568	185.0	100.0
110	87	11.649	0.3937	0.6608	177.1	100.0
110	89	6.824	0.1552	0.3003	190.0	100.0
110	91	7.797	0.2546	0.4795	168.0	100.0
110	92	10.991	0.5971	1.0540	153.4	100.0
110	93	12.331	0.5900	0.5634	175.6	100.0
110	94	9.405	0.2014	1.0212	172.7	100.0
110	95	8.166	0.2679	0.4644	173.0	100.0
111	63	6.356	0.0829	0.2050	175.7	100.0
111	64	6.466	0.0817	0.1989	194.1	100.0
111	76	5.025	0.0001	0.0003	204.2	100.0
111	77	6.424	0.0002	0.0008	136.3	100.0
111	78	10.826	0.5521	0.5256	165.5	100.0
111	80	9.459	0.5211	0.8784	147.4	100.0
111	81	9.614	0.3404	0.5906	158.1	100.0
111	82	11.077	0.5557	1.0392	172.8	100.0
111	83	11.529	0.5741	1.0276	187.2	100.0
111	84	10.432	0.5822	1.0448	180.4	100.0
111	85	9.785	0.5073	1.0455	189.1	100.0
111	86	9.310	0.3841	0.9615	200.2	100.0
111	87	10.017	0.5113	1.0427	177.6	100.0
111	89	8.201	0.0650	0.1559	175.8	100.0
111	90	6.825	0.1286	0.1861	172.0	100.0
111	91	8.598	0.2384	0.4010	188.5	100.0
111	93	10.826	0.5433	0.9996	190.1	100.0
111	96	7.541	0.0333	0.0604	97.5	100.0
111	98	8.578	0.0103	0.0241	161.0	100.0
111	99	8.667	0.0457	0.1028	165.8	100.0
111	100	8.680	0.5369	1.0834	153.1	100.0
111	101	8.608	0.5634	1.0582	185.1	100.0
111	102	6.419	0.1053	0.1586	161.8	100.0
111	103	6.319	0.2104	0.3739	149.0	100.0
111	104	6.581	0.3195	0.7665	154.9	100.0
111	105	7.035	0.0746	0.1930	175.4	100.0
111	106	7.450	0.0440	0.0729	169.9	100.0
111	109	4.996	0.0008	0.0024	140.5	100.0
112	61	6.018	0.0187	0.0467	177.2	100.0
112	62	5.941	0.0514	0.1432	183.7	100.0
112	63	6.731	0.0926	0.2426	161.1	100.0
112	64	6.799	0.0853	0.2006	181.5	100.0
112	65	6.168	0.1031	0.2043	203.3	100.0
112	78	8.566	0.4415	0.4761	142.4	100.0
112	79	9.695	0.2313	1.0836	157.5	100.0
112	80	8.288	0.2855	0.4146	173.4	100.0
112	81	10.564	0.1338	1.0806	160.3	100.0
112	82	11.612	0.5851	1.0569	177.1	100.0
112	84	10.726	0.5740	1.0571	185.0	100.0
112	85	9.774	0.5534	1.0226	178.1	100.0
112	86	8.920	0.4755	1.0167	178.5	100.0
112	87	8.865	0.5280	1.0128	176.6	100.0
112	94	5.308	0.0160	0.0328	181.1	100.0
112	95	9.920	0.5929	1.0590	167.1	100.0
112	96	10.388	0.5008	0.8558	154.4	100.0
112	97	8.898	0.1455	0.5186	165.6	100.0
112	98	9.735	0.5940	1.0809	154.3	100.0
112	99	9.141	0.1361	0.5699	157.5	100.0
112	100	8.325	0.5552	1.0103	178.8	100.0
112	101	7.070	0.4219	0.6938	171.1	100.0
112	102	7.510	0.1130	1.0823	171.8	100.0
112	103	6.237	0.4002	0.7451	164.3	100.0
112	104	5.590	0.2478	0.5465	140.8	100.0
112	106	7.631	0.2222	0.2977	154.1	100.0
112	107	8.129	0.4049	0.5910	193.8	100.0
112	108	6.964	0.0452	0.0903	177.4	100.0
112	109	4.789	0.0002	0.0006	187.3	100.0
113	60	5.943	0.0210	0.0587	180.9	100.0
113	61	6.702	0.0871	0.2011	176.1	100.0
113	62	6.121	0.0128	0.0387	193.5	100.0
113	63	6.987	0.1336	0.2865	186.9	100.0
113	64	7.591	0.5297	0.6172	213.2	100.0
113	65	7.356	0.5367	0.7685	193.9	100.0
113	66	6.617	0.4762	0.7538	189.5	100.0
113	78	6.527	0.0084	0.0134	173.1	100.0
113	80	8.169	0.5352	1.0432	159.8	100.0
113	81	9.036	0.5290	0.8359	173.2	100.0
113	83	10.986	0.2327	0.4376	176.0	100.0
113	84	10.669	0.2321	0.5018	192.1	100.0
113	85	10.480	0.5399	1.0202	169.8	100.0
113	92	5.226	0.0244	0.0433	187.3	100.0
113	93	8.136	0.0423	0.0937	188.8	100.0
113	94	9.925	0.1415	1.0700	164.2	100.0
113	95	13.832	0.2113	0.5178	174.9	100.0
113	96	11.396	0.1032	1.0991	156.2	100.0
113	97	10.491	0.2405	0.5273	157.0	100.0
113	98	11.252	0.1901	0.5892	144.6	100.0
113	99	10.033	0.1711	0.5885	172.8	100.0
113	100	9.265	0.1828	0.5578	171.0	100.0
113	101	10.434	0.2358	0.5194	164.6	100.0
113	102	9.261	0.5715	1.0413	160.9	100.0
113	103	6.367	0.3414	0.6284	173.7	100.0
113	104	6.494	0.4303	0.9739	180.2	100.0
113	105	6.178	0.5654	1.0255	175.9	100.0
113	106	6.851	0.5162	0.6000	180.6	100.0
113	107	7.541	0.2974	0.2770	176.2	100.0
113	108	8.463	0.0479	0.0776	201.9	100.0
113	109	6.464	0.1183	0.1594	172.8	100.0
113	112	6.731	0.0658	0.1267	162.2	100.0
113	113	6.307	0.0982	0.1671	122.7	100.0
114	56	6.645	0.0306	0.0606	203.2	100.0
114	60	6.556	0.0472	0.1414	177.5	100.0
114	61	6.884	0.2105	0.4496	178.0	100.0
114	62	6.762	0.0297	0.0772	169.8	100.0
114	63	6.530	0.1561	0.3215	169.9	100.0
114	64	7.853	0.5507	0.9584	204.9	100.0
114	65	8.470	0.1085	1.0791	183.7	100.0
114	66	8.345	0.5720	1.0001	197.9	100.0
114	67	8.269	0.1216	1.0787	194.0	100.0
114	75	7.157	0.1161	0.2410	181.1	100.0
114	76	7.041	0.0370	0.0990	177.4	100.0
114	79	6.435	0.2036	0.3030	157.6	100.0
114	80	7.481	0.3029	0.4947	163.1	100.0
114	81	8.031	0.5416	0.7011	186.2	100.0
114	82	8.468	0.5285	0.8927	196.7	100.0
114	83	9.909	0.1137	1.0525	196.2	100.0
114	84	9.395	0.4017	0.6541	186.9	100.0
114	85	10.443	0.5944	1.0228	184.3	100.0
114	89	8.811	0.0861	0.1674	158.8	100.0
114	90	8.661	0.1473	0.2525	191.3	100.0
114	91	10.684	0.5620	1.0668	175.3	100.0
114	92	11.309	0.1509	0.5297	183.9	100.0
114	93	11.207	0.1708	0.5727	172.3	100.0
114	94	11.464	0.1648	0.5659	188.6	100.0
114	95	12.509	0.5150	1.0661	199.5	100.0
114	96	10.780	0.1361	0.5033	177.3	100.0
114	97	10.967	0.1528	0.5596	159.8	100.0
114	98	11.750	0.1293	0.5512	145.3	100.0
114	99	9.085	0.1266	0.5877	166.7	100.0
114	100	8.990	0.1730	0.5675	162.1	100.0
114	101	11.606	0.1466	0.5507	169.4	100.0
114	102	8.897	0.5530	1.0495	168.0	100.0
114	103	7.147	0.5594	1.0620	154.8	100.0
114	104	7.081	0.4136	0.8812	179.3	100.0
114	105	6.472	0.5529	1.0636	181.8	100.0
114	106	6.691	0.2570	0.4487	210.2	100.0
114	107	6.484	0.3677	0.4827	201.3	100.0
114	108	6.576	0.0486	0.0824	217.2	100.0
114	109	6.613	0.2969	0.4224	198.7	100.0
114	117	5.565	0.0013	0.0040	358.9	100.0
114	118	5.912	0.1177	0.2461	170.4	100.0
115	47	6.976	0.0005	0.0018	248.8	100.0
115	51	8.629	0.0940	0.1141	212.7	100.0
115	54	7.446	0.0629	0.0999	181.6	100.0
115	55	7.148	0.1548	0.2856	181.8	100.0
115	56	6.389	0.1702	0.2915	193.4	100.0
115	57	7.231	0.3197	0.5826	176.6	100.0
115	58	6.071	0.0069	0.0166	168.3	100.0
115	59	6.288	0.0877	0.1916	176.1	100.0
115	60	6.136	0.0673	0.1529	187.3	100.0
115	61	8.083	0.2170	0.4577	177.8	100.0
115	62	7.970	0.2345	0.5037	199.5	100.0
115	63	7.176	0.3271	0.5698	185.8	100.0
115	64	8.565	0.1231	1.0949	182.8	100.0
115	65	9.227	0.1272	1.0856	169.8	100.0
115	66	9.267	0.1428	1.0941	187.3	100.0
115	67	9.326	0.5589	1.0468	186.8	100.0
115	68	8.945	0.5966	1.0241	173.7	100.0
115	69	8.897	0.1033	1.0662	205.1	100.0
115	70	8.906	0.1008	1.0594	185.1	100.0
115	73	7.392	0.0426	0.0786	200.4	100.0
115	74	7.194	0.0759	0.1201	190.0	100.0
115	75	7.502	0.1913	0.3329	185.4	100.0
115	76	8.678	0.0708	0.1662	173.1	100.0
115	77	7.210	0.1144	0.2246	186.8	100.0
115	78	6.480	0.5444	0.9992	182.9	100.0
115	79	8.295	0.5974	0.8417	167.4	100.0
115	80	7.894	0.1938	0.2590	215.6	100.0
115	81	9.638	0.1650	1.0228	196.2	100.0
115	82	10.047	0.2909	0.5295	188.3	100.0
115	83	8.965	0.3726	0.4154	186.3	100.0
115	88	4.694	0.0112	0.0316	144.2	100.0
115	89	8.688	0.1891	0.4542	181.4	100.0
115	90	10.966	0.5998	1.0523	182.0	100.0
115	91	11.107	0.1582	0.5819	185.0	100.0
115	92	11.680	0.1331	0.5322	191.6	100.0
115	93	11.861	0.1687	0.5882	171.9	100.0
115	94	11.389	0.1716	0.5872	183.0	100.0
115	95	12.108	0.2973	0.5368	189.4	100.0
115	96	13.726	0.1419	0.5289	170.0	100.0
115	97	13.386	0.3198	0.5338	180.7	100.0
115	98	12.359	0.1952	0.5910	150.6	100.0
115	99	11.546	0.1252	0.5919	150.4	100.0
115	100	11.203	0.1494	0.5523	167.3	100.0
115	101	10.325	0.5575	0.5344	179.0	100.0
115	102	9.417	0.1043	1.0800	174.7	100.0
115	103	8.269	0.1827	0.5737	163.1	100.0
115	104	6.922	0.5607	1.0582	183.5	100.0
115	105	6.077	0.5176	1.0077	172.9	100.0
115	106	5.425	0.4888	0.6974	171.3	100.0
115	107	6.092	0.3862	0.5737	196.2	100.0
115	109	4.988	0.0007	0.0024	156.9	100.0
115	117	6.237	0.0023	0.0051	183.7	100.0
115	118	6.263	0.1093	0.2566	213.5	100.0
116	55	7.003	0.1111	0.2645	187.8	100.0
116	56	7.635	0.0881	0.1301	147.3	100.0
116	57	7.585	0.1622	0.2735	175.7	100.0
116	58	7.267	0.0589	0.1125	173.5	100.0
116	59	7.151	0.1777	0.3176	185.1	100.0
116	60	7.593	0.2112	0.3136	200.3	100.0
116	61	8.336	0.3763	0.5066	195.0	100.0
116	62	7.256	0.5217	0.8675	203.3	100.0
116	63	8.278	0.4447	0.5948	199.1	100.0
116	64	10.068	0.1882	0.5241	167.1	100.0
116	65	9.907	0.1144	1.0587	192.4	100.0
116	66	8.864	0.5544	1.0118	197.6	100.0
116	67	9.154	0.5906	1.0046	185.8	100.0
116	68	8.431	0.3867	0.6734	166.6	100.0
116	69	9.585	0.5421	1.0571	189.1	100.0
116	70	8.901	0.5132	0.8102	203.5	100.0
116	71	8.616	0.3810	0.7109	209.5	100.0
116	72	8.355	0.3601	0.6118	203.0	100.0
116	73	8.256	0.3051	0.4408	210.3	100.0
116	74	8.233	0.1040	0.1939	203.6	100.0
116	75	7.613	0.4033	0.5801	207.2	100.0
116	76	7.586	0.4872	0.5939	190.6	100.0
116	77	7.988	0.5899	1.0547	166.5	100.0
116	78	10.476	0.1510	1.0900	167.3	100.0
116	79	8.424	0.5801	1.0017	169.6	100.0
116	80	7.459	0.2503	0.3059	185.5	100.0
116	81	8.110	0.1218	0.1791	174.8	100.0
116	82	9.358	0.5368	1.0275	183.0	100.0
116	87	5.588	0.0257	0.0426	194.7	100.0
116	88	10.022	0.5087	0.8506	179.1	100.0
116	89	10.178	0.5796	1.0247	187.0	100.0
116	90	11.448	0.4758	0.9231	187.8	100.0
116	91	11.963	0.2564	0.5424	179.9	100.0
116	92	11.129	0.5334	1.0737	190.0	100.0
116	93	10.960	0.5949	1.0240	183.3	100.0
116	94	9.781	0.5919	1.0038	199.0	100.0
116	95	12.184	0.1812	0.5833	192.8	100.0
116	96	11.317	0.1202	0.5462	169.5	100.0
116	97	12.849	0.2789	0.5070	173.7	100.0
116	98	14.257	0.1384	0.5133	157.2	100.0
116	99	10.795	0.1710	0.5695	154.7	100.0
116	100	8.310	0.5946	0.5339	161.7	100.0
116	101	8.485	0.1239	0.5800	159.0	100.0
116	102	9.815	0.1729	0.5408	159.1	100.0
116	103	6.990	0.1518	0.5556	144.2	100.0
116	104	5.783	0.2109	0.5876	162.4	100.0
116	105	5.420	0.0555	0.1623	155.5	100.0
117	39	4.784	0.0001	0.0002	170.4	100.0
117	47	7.107	0.0293	0.0524	193.5	100.0
117	51	7.808	0.1319	0.1923	196.3	100.0
117	55	6.964	0.0135	0.0261	177.4	100.0
117	56	7.460	0.0922	0.1938	169.7	100.0
117	57	6.601	0.0233	0.0625	156.7	100.0
117	58	6.214	0.1037	0.2618	188.2	100.0
117	59	7.381	0.2055	0.3663	191.5	100.0
117	60	8.412	0.3906	0.5461	201.7	100.0
117	61	7.910	0.5072	0.5328	188.7	100.0
117	62	7.044	0.4568	0.5152	173.9	100.0
117	63	7.373	0.5594	0.5994	198.2	100.0
117	64	8.011	0.5944	0.7483	173.5	100.0
117	65	7.743	0.5509	0.8402	215.6	100.0
117	66	7.967	0.1807	1.0553	195.5	100.0
117	67	9.089	0.5392	1.0230	191.8	100.0
117	68	9.791	0.5492	1.0082	197.0	100.0
117	69	9.023	0.5573	0.8947	184.5	100.0
117	70	8.028	0.1060	1.0275	183.9	100.0
117	71	8.076	0.5019	0.9427	184.5	100.0
117	72	7.738	0.3625	0.5322	195.9	100.0
117	73	8.112	0.5818	0.8648	192.9	100.0
117	74	7.961	0.4531	0.5679	195.4	100.0
117	75	7.774	0.5441	0.6579	186.4	100.0
117	76	8.488	0.5340	0.7514	191.5	100.0
117	77	9.477	0.5897	0.9247	181.5	100.0
117	80	7.643	0.5858	1.0062	187.2	100.0
117	81	7.812	0.5808	0.8025	192.0	100.0
117	85	8.129	0.0043	0.0055	226.3	100.0
117	86	9.598	0.1758	0.3993	180.6	100.0
117	87	10.163	0.5078	1.0453	171.7	100.0
117	88	11.010	0.2035	0.5097	182.8	100.0
117	89	10.379	0.5377	1.0411	211.5	100.0
117	90	10.006	0.3754	0.7029	186.5	100.0
117	91	11.770	0.5485	1.0473	188.3	100.0
117	92	10.787	0.4663	0.9765	182.2	100.0
117	93	10.931	0.5461	1.0181	163.9	100.0
117	94	11.333	0.5133	1.0081	160.6	100.0
117	95	11.394	0.5052	1.0073	178.6	100.0
117	96	11.033	0.5694	1.0398	216.1	100.0
117	97	10.286	0.5710	1.0177	190.6	100.0
117	98	10.322	0.1412	0.5450	157.9	100.0
117	99	8.504	0.1249	0.5383	164.1	100.0
117	100	6.517	0.5681	1.0580	160.1	100.0
117	101	6.155	0.2448	0.5768	155.5	100.0
117	103	6.270	0.5398	1.0393	171.9	100.0
117	104	5.433	0.0429	0.1302	160.7	100.0
117	105	6.524	0.1397	0.2983	171.7	100.0
118	39	7.178	0.0131	0.0293	176.1	100.0
118	50	7.181	0.0620	0.0682	121.0	100.0
118	57	7.505	0.0176	0.0336	173.8	100.0
118	58	6.511	0.0213	0.0598	141.4	100.0
118	59	6.833	0.0248	0.0612	158.0	100.0
118	60	8.454	0.1160	0.1887	178.5	100.0
118	61	7.235	0.5721	1.0073	206.6	100.0
118	62	7.782	0.5885	1.0122	190.7	100.0
118	63	7.542	0.5116	0.7828	188.4	100.0
118	64	8.577	0.5210	0.8350	193.1	100.0
118	65	8.823	0.5928	0.8242	181.0	100.0
118	66	9.323	0.3131	0.5101	207.6	100.0
118	67	7.772	0.3323	0.4894	203.4	100.0
118	68	9.026	0.5338	0.8155	198.2	100.0
118	69	9.223	0.5099	0.8412	186.3	100.0
118	70	8.832	0.5057	0.7977	206.6	100.0
118	71	10.063	0.1519	0.5163	179.5	100.0
118	72	9.440	0.5017	1.0010	203.4	100.0
118	73	8.713	0.4914	0.7026	210.8	100.0
118	74	9.079	0.5337	0.9845	195.3	100.0
118	75	7.516	0.5425	0.6686	183.7	100.0
118	76	8.884	0.5231	1.0055	191.1	100.0
118	77	8.599	0.5943	1.0400	197.9	100.0
118	80	7.397	0.3984	0.6026	192.9	100.0
118	82	7.132	0.2411	0.4678	173.7	100.0
118	83	7.593	0.0090	0.0238	158.0	100.0
118	84	7.640	0.0169	0.0290	191.5	100.0
118	85	8.452	0.1427	0.1951	190.4	100.0
118	86	10.374	0.4284	0.8192	181.3	100.0
118	87	11.985	0.1416	1.0672	186.8	100.0
118	88	11.901	0.5778	1.0541	176.7	100.0
118	89	9.032	0.5552	1.0471	203.2	100.0
118	90	9.402	0.5699	1.0363	206.7	100.0
118	91	9.927	0.5871	1.0197	187.9	100.0
118	92	10.129	0.5118	1.0195	166.2	100.0
118	93	10.487	0.3267	0.7212	171.2	100.0
118	94	11.425	0.5214	1.0066	149.0	100.0
118	95	11.874	0.4788	1.0040	171.7	100.0
118	96	10.778	0.5648	1.0214	200.8	100.0
118	97	9.166	0.5627	1.0250	183.5	100.0
118	98	9.488	0.5263	1.0622	159.2	100.0
118	99	8.695	0.5936	1.0407	175.7	100.0
118	100	6.183	0.4902	0.9534	160.7	100.0
118	101	5.005	0.0542	0.1266	150.7	100.0
118	103	6.166	0.2402	0.5850	148.1	100.0
119	39	6.627	0.0035	0.0094	184.0	100.0
119	41	6.750	0.1437	0.3006	196.5	100.0
119	56	6.846	0.0156	0.0416	178.5	100.0
119	57	7.050	0.0804	0.1973	187.2	100.0
119	58	5.920	0.0021	0.0073	197.6	100.0
119	59	6.663	0.1116	0.2300	155.1	100.0
119	60	6.411	0.0654	0.1073	210.0	100.0
119	61	6.987	0.3294	0.5497	201.6	100.0
119	62	8.724	0.1170	1.0893	188.9	100.0
119	63	9.774	0.1480	0.5214	180.5	100.0
119	64	8.888	0.5606	1.0265	207.9	100.0
119	65	9.273	0.5036	0.9778	200.3	100.0
119	66	9.366	0.5937	1.0013	203.2	100.0
119	67	8.718	0.3290	0.5441	200.2	100.0
119	68	9.174	0.4131	0.6438	201.1	100.0
119	69	9.486	0.5623	1.0113	210.7	100.0
119	70	8.500	0.5006	0.8938	199.7	100.0
119	71	8.661	0.1484	0.5288	182.7	100.0
119	72	8.212	0.5290	0.8172	184.1	100.0
119	73	6.819	0.2592	0.5028	167.8	100.0
119	74	7.146	0.4225	0.6923	171.5	100.0
119	75	6.769	0.5432	0.9178	174.9	100.0
119	76	7.430	0.5683	1.0112	187.7	100.0
119	77	7.875	0.5269	0.9608	190.8	100.0
119	82	4.752	0.0075	0.0179	176.4	100.0
119	83	7.972	0.0903	0.1879	154.4	100.0
119	85	9.860	0.1727	0.3462	184.5	100.0
119	86	10.026	0.5778	1.0587	181.7	100.0
119	87	10.424	0.1388	1.0698	183.9	100.0
119	88	10.267	0.5160	1.0072	184.3	100.0
119	89	9.775	0.5279	1.0045	177.3	100.0
119	90	9.845	0.1219	0.5271	166.5	100.0
119	91	7.830	0.2567	0.4291	185.0	100.0
119	92	9.840	0.5378	0.9192	185.5	100.0
119	93	9.927	0.5733	0.9609	214.7	100.0
119	94	9.698	0.5957	1.0241	183.4	100.0
119	95	10.416	0.5428	1.0076	187.2	100.0
119	96	9.482	0.5172	1.0138	197.9	100.0
119	97	10.137	0.1239	0.5137	180.7	100.0
119	98	10.429	0.1388	0.5305	163.8	100.0
119	99	8.415	0.1019	0.5305	178.5	100.0
119	100	6.918	0.3075	0.6004	185.8	100.0
119	101	6.628	0.3919	0.7277	170.8	100.0
119	102	6.226	0.0474	0.1334	163.2	100.0
120	39	6.418	0.0075	0.0206	172.4	100.0
120	55	6.792	0.0327	0.0684	206.1	100.0
120	56	5.499	0.0032	0.0109	116.1	100.0
120	57	6.495	0.0171	0.0530	200.5	100.0
120	58	6.760	0.0671	0.1734	200.6	100.0
120	59	6.866	0.1831	0.3650	193.0	100.0
120	60	6.825	0.1025	0.1694	207.3	100.0
120	61	6.822	0.2231	0.3857	213.4	100.0
120	62	7.902	0.5075	0.9117	189.4	100.0
120	63	8.279	0.5137	0.9343	205.2	100.0
120	64	8.807	0.4864	0.7801	203.1	100.0
120	65	7.807	0.5920	0.9868	189.7	100.0
120	66	7.802	0.4071	0.5190	196.3	100.0
120	67	7.644	0.3790	0.5808	195.0	100.0
120	68	7.940	0.2619	0.3319	192.4	100.0
120	69	7.748	0.2487	0.3940	182.5	100.0
120	75	6.578	0.0976	0.1313	0.0	100.0
120	76	7.165	0.4287	0.8421	171.5	100.0
120	77	7.052	0.5761	1.0404	186.5	100.0
120	81	5.414	0.0104	0.0290	202.6	100.0
120	82	6.098	0.0784	0.1184	154.5	100.0
120	83	8.874	0.3324	0.4616	172.7	100.0
120	84	8.245	0.1055	1.0375	189.0	100.0
120	85	9.655	0.5673	0.9595	175.4	100.0
120	86	9.847	0.5859	1.0450	185.4	100.0
120	87	9.815	0.5414	1.0077	184.7	100.0
120	88	9.676	0.5941	1.0140	187.5	100.0
120	89	10.425	0.3557	0.8090	180.9	100.0
120	90	9.132	0.5620	1.0153	170.2	100.0
120	91	8.529	0.5918	1.0523	163.6	100.0
120	92	10.863	0.5605	0.9458	192.4	100.0
120	93	10.790	0.4177	0.7821	186.8	100.0
120	94	7.902	0.3385	0.4594	194.0	100.0
120	95	8.788	0.5676	0.9322	198.1	100.0
120	96	9.373	0.1007	1.0709	189.7	100.0
120	97	12.691	0.2342	0.5926	195.2	100.0
120	98	8.420	0.1529	1.0907	157.8	100.0
120	99	6.404	0.3660	0.7375	177.6	100.0
120	100	5.693	0.0334	0.0699	153.8	100.0
120	102	6.229	0.1381	0.2549	172.0	100.0
120	108	7.604	0.0920	0.2434	167.6	100.0
120	109	6.637	0.0071	0.0191	146.6	100.0
121	57	6.443	0.0064	0.0198	206.8	100.0
121	58	6.314	0.0114	0.0366	151.3	100.0
121	59	6.407	0.0112	0.0256	196.1	100.0
121	62	7.874	0.1397	0.1844	195.6	100.0
121	63	6.729	0.0694	0.1058	183.8	100.0
121	65	5.890	0.0936	0.1375	200.5	100.0
121	67	6.499	0.3222	0.5049	183.7	100.0
121	68	6.907	0.1777	0.2693	193.6	100.0
121	79	6.146	0.1311	0.2929	151.9	100.0
121	80	6.686	0.0436	0.1095	148.4	100.0
121	82	8.568	0.1649	0.3115	166.3	100.0
121	83	6.943	0.1875	0.2578	165.5	100.0
121	84	8.831	0.2101	0.5362	167.2	100.0
121	85	9.248	0.3638	0.6498	191.3	100.0
121	86	9.168	0.5772	1.0337	172.8	100.0
121	87	8.610	0.2086	0.3553	183.0	100.0
121	88	9.704	0.5522	1.0331	189.2	100.0
121	89	12.555	0.1702	1.0860	192.9	100.0
121	90	12.189	0.4919	0.5118	166.5	100.0
121	91	9.805	0.2483	0.5479	173.6	100.0
121	92	9.141	0.5134	0.8093	203.6	100.0
121	93	11.364	0.5117	0.9944	184.8	100.0
121	94	8.479	0.5756	0.9507	194.6	100.0
121	95	7.728	0.1020	1.0156	202.2	100.0
121	96	9.712	0.5874	1.0266	200.2	100.0
121	97	11.626	0.5253	1.0609	160.0	100.0
121	98	8.334	0.5679	1.0425	192.3	100.0
121	99	6.003	0.0632	0.1115	195.1	100.0
121	100	5.868	0.5350	0.7069	176.0	100.0
121	101	7.039	0.1062	0.2109	185.5	100.0
122	57	6.902	0.0537	0.1656	187.1	100.0
122	58	7.295	0.0987	0.2746	137.7	100.0
122	61	8.270	0.1491	0.2289	195.0	100.0
122	65	6.447	0.1307	0.2268	212.7	100.0
122	69	9.247	0.2079	0.3577	202.6	100.0
122	78	3.674	0.0002	0.0001	162.5	100.0
122	79	6.146	0.0343	0.0710	175.6	100.0
122	80	7.674	0.1500	0.2922	173.3	100.0
122	81	7.235	0.1805	0.2859	157.8	100.0
122	82	8.477	0.0485	0.0707	163.1	100.0
122	83	7.276	0.2381	0.3590	164.1	100.0
122	84	7.807	0.3620	0.5511	155.3	100.0
122	85	9.161	0.5987	1.0295	168.3	100.0
122	86	9.095	0.5003	0.8455	178.8	100.0
122	87	8.840	0.5164	0.9602	175.4	100.0
122	88	8.174	0.2726	0.3755	183.9	100.0
122	89	10.287	0.1353	1.0299	178.2	100.0
122	90	11.232	0.3075	1.0867	182.9	100.0
122	91	8.131	0.3194	0.5570	201.4	100.0
122	92	9.482	0.5365	1.0105	201.1	100.0
122	93	10.318	0.5272	0.8732	190.0	100.0
122	94	8.328	0.5629	1.0120	192.6	100.0
122	95	8.206	0.5389	1.0003	192.6	100.0
122	96	10.007	0.4928	0.9221	208.5	100.0
122	97	8.180	0.5764	1.0882	155.4	100.0
122	98	6.798	0.5252	1.0191	172.9	100.0
122	101	5.736	0.0467	0.0717	165.3	100.0
123	50	5.500	0.0017	0.0053	109.7	100.0
123	56	7.112	0.0728	0.1874	149.1	100.0
123	62	7.652	0.0776	0.1060	200.4	100.0
123	66	8.266	0.1553	0.2247	200.8	100.0
123	77	5.292	0.0006	0.0020	200.3	100.0
123	78	5.911	0.0030	0.0099	178.3	100.0
123	79	8.040	0.1577	0.3866	166.7	100.0
123	80	7.833	0.3310	0.6755	179.0	100.0
123	81	6.901	0.2549	0.4496	161.1	100.0
123	82	6.955	0.3690	0.5742	168.6	100.0
123	83	7.184	0.3825	0.5734	172.8	100.0
123	84	7.740	0.3788	0.6007	160.2	100.0
123	85	9.920	0.1852	0.5401	170.5	100.0
123	86	9.708	0.5174	0.9578	177.5	100.0
123	87	8.234	0.1033	1.0370	187.2	100.0
123	88	9.007	0.4734	0.7702	186.3	100.0
123	89	9.139	0.5077	0.8012	138.2	100.0
123	90	12.261	0.5786	1.0417	199.7	100.0
123	91	12.277	0.2887	0.7031	210.5	100.0
123	92	13.860	0.4658	0.9887	199.7	100.0
123	93	10.303	0.5517	1.0044	167.6	100.0
123	94	7.916	0.5434	1.0086	191.5	100.0
123	95	7.660	0.5223	0.8629	187.9	100.0
123	96	9.268	0.5871	1.0474	192.7	100.0
123	97	9.643	0.4472	0.8525	159.4	100.0
123	98	8.105	0.0765	0.1720	174.1	100.0
123	100	6.389	0.0137	0.0300	204.4	100.0
123	102	5.296	0.0056	0.0134	164.1	100.0
124	55	6.573	0.1056	0.2106	144.2	100.0
124	60	6.262	0.0299	0.0750	171.1	100.0
124	76	6.010	0.0141	0.0425	170.6	100.0
124	77	5.778	0.0146	0.0466	149.7	100.0
124	78	6.321	0.0339	0.0897	172.9	100.0
124	79	13.031	0.2707	0.8806	160.8	100.0
124	80	10.766	0.2215	0.4564	182.3	100.0
124	81	6.925	0.1704	0.3424	168.5	100.0
124	82	7.078	0.2257	0.3454	153.3	100.0
124	83	8.098	0.3150	0.4789	180.0	100.0
124	84	7.391	0.4102	0.5807	178.0	100.0
124	85	8.229	0.5605	1.0236	186.1	100.0
124	86	8.631	0.3185	0.4463	193.0	100.0
124	87	8.024	0.4688	0.7913	188.2	100.0
124	88	7.981	0.4048	0.6212	172.2	100.0
124	89	9.102	0.1612	1.0690	157.3	100.0
124	90	10.479	0.5474	0.9069	153.1	100.0
124	91	11.578	0.5621	1.0198	170.9	100.0
124	92	11.808	0.3736	0.7870	186.8	100.0
124	93	8.489	0.4420	0.6992	179.1	100.0
124	94	7.276	0.2174	0.4119	190.1	100.0
124	95	9.932	0.4588	0.8445	189.8	100.0
124	96	9.161	0.5754	1.0283	185.7	100.0
124	97	8.950	0.5989	1.0190	172.4	100.0
124	98	7.870	0.0918	0.1858	183.6	100.0
125	61	6.940	0.0572	0.1476	183.3	100.0
125	76	6.287	0.0351	0.1015	164.8	100.0
125	77	6.305	0.0467	0.1406	173.4	100.0
125	79	10.306	0.2738	0.6675	160.8	100.0
125	80	9.540	0.2520	0.6456	177.9	100.0
125	81	8.458	0.5709	1.0076	174.1	100.0
125	82	8.247	0.4352	0.5701	180.0	100.0
125	85	10.710	0.3828	0.6007	201.0	100.0
125	87	7.350	0.5220	1.0051	168.1	100.0
125	88	7.780	0.4242	0.6532	200.7	100.0
125	89	8.672	0.3620	0.5412	142.7	100.0
125	90	10.322	0.5260	0.9105	144.3	100.0
125	91	8.607	0.5146	0.8504	172.2	100.0
125	92	7.118	0.1439	0.1640	210.4	100.0
125	96	7.396	0.5939	0.9720	157.4	100.0
125	97	6.999	0.1023	0.8259	176.0	100.0
126	76	5.990	0.0279	0.0845	170.7	100.0
126	77	5.955	0.0286	0.0828	144.7	100.0
126	78	7.405	0.1458	0.2469	197.2	100.0
126	79	9.980	0.1276	0.2235	160.0	100.0
126	80	8.070	0.1378	0.2566	181.2	100.0
126	81	7.555	0.2955	0.4345	171.8	100.0
126	82	8.099	0.3445	0.4449	204.7	100.0
126	83	7.781	0.5379	0.7432	178.4	100.0
126	85	8.448	0.1963	0.3315	205.9	100.0
126	86	6.994	0.3085	0.5333	190.2	100.0
126	87	9.374	0.2818	0.5162	192.0	100.0
126	88	7.634	0.5863	0.9874	204.1	100.0
126	89	6.793	0.5020	1.0003	171.5	100.0
126	90	6.803	0.5964	0.8955	164.9	100.0
126	91	7.035	0.5717	1.0358	180.0	100.0
126	92	8.038	0.5347	1.0459	172.1	100.0
126	94	7.318	0.0857	0.1656	134.0	100.0
126	98	6.337	0.0725	0.1404	190.6	100.0
126	99	5.870	0.0081	0.0181	211.9	100.0
127	75	5.336	0.0037	0.0129	159.2	100.0
127	76	6.043	0.0029	0.0095	134.6	100.0
127	77	6.127	0.0188	0.0460	161.2	100.0
127	78	7.802	0.1780	0.3421	163.1	100.0
127	79	10.277	0.2394	0.3856	170.8	100.0
127	80	8.908	0.2999	0.4777	161.2	100.0
127	81	7.174	0.5613	0.8825	174.5	100.0
127	82	8.244	0.5167	0.7109	220.5	100.0
127	83	7.556	0.5930	0.8000	193.2	100.0
127	88	6.596	0.1241	0.2519	177.1	100.0
127	89	5.934	0.1335	0.3759	163.2	100.0
127	90	6.404	0.3561	0.8035	151.3	100.0
127	91	6.413	0.5053	1.0406	162.0	100.0
127	92	7.875	0.5201	1.0733	166.8	100.0
127	93	10.196	0.5169	1.0031	154.9	100.0
127	94	8.821	0.3510	0.5762	149.1	100.0
127	95	7.487	0.0797	0.1550	157.4	100.0
127	96	7.853	0.3224	0.5783	154.6	100.0
127	97	8.183	0.5256	1.0425	158.9	100.0
127	98	6.887	0.1880	0.3503	158.5	100.0
127	100	6.220	0.0277	0.0781	152.3	100.0
128	54	6.971	0.0409	0.1135	159.0	100.0
128	76	7.873	0.0575	0.1520	169.8	100.0
128	77	6.650	0.0766	0.2090	163.3	100.0
128	80	8.370	0.1599	0.2070	161.0	100.0
128	81	7.159	0.2331	0.3922	186.0	100.0
128	89	6.668	0.0777	0.2170	170.9	100.0
128	90	7.277	0.4341	0.7429	159.4	100.0
128	91	6.964	0.5798	1.0199	147.1	100.0
128	92	8.706	0.1634	0.5990	166.5	100.0
128	93	10.179	0.1289	0.5264	164.2	100.0
128	94	9.113	0.1143	1.0966	154.7	100.0
128	95	10.020	0.1698	0.5346	167.3	100.0
128	96	9.241	0.1365	0.5197	164.8	100.0
128	97	8.254	0.1615	0.5409	152.9	100.0
128	98	7.429	0.5452	1.0233	167.6	100.0
128	99	7.505	0.2018	0.3141	178.0	100.0
128	100	6.341	0.0221	0.0581	154.2	100.0
128	117	4.610	0.0006	0.0020	203.1	100.0
129	76	7.129	0.0110	0.0344	190.6	100.0
129	79	7.892	0.1554	0.2549	165.7	100.0
129	80	5.961	0.0172	0.0585	176.1	100.0
129	81	6.478	0.0576	0.1502	179.5	100.0
129	82	6.438	0.0548	0.1335	147.2	100.0
129	85	6.963	0.0864	0.2107	177.2	100.0
129	86	7.734	0.1645	0.3138	198.5	100.0
129	87	7.450	0.2327	0.3940	177.5	100.0
129	88	6.027	0.1048	0.1965	170.6	100.0
129	89	6.820	0.2505	0.3994	195.2	100.0
129	90	7.401	0.5251	0.6776	188.3	100.0
129	91	6.443	0.2440	0.4059	166.2	100.0
129	92	8.656	0.1115	1.0901	155.2	100.0
129	93	9.938	0.5762	1.0450	170.8	100.0
129	94	9.724	0.5371	1.0896	162.3	100.0
129	95	11.142	0.1966	0.5761	185.9	100.0
129	96	9.431	0.5426	1.0192	172.6	100.0
129	97	8.160	0.5822	1.0244	160.8	100.0
129	98	9.377	0.3663	0.6678	172.7	100.0
129	99	7.491	0.1389	0.2348	170.0	100.0
129	100	4.791	0.0780	0.1748	172.5	100.0
130	46	6.609	0.0104	0.0272	198.4	100.0
130	80	6.134	0.0359	0.1091	182.9	100.0
130	81	7.175	0.4107	1.0045	163.6	100.0
130	83	6.580	0.3771	0.6660	170.7	100.0
130	84	7.593	0.1508	0.2931	156.6	100.0
130	85	7.166	0.2297	0.5377	144.1	100.0
130	86	7.660	0.3073	0.5501	183.0	100.0
130	87	9.230	0.2454	0.3668	181.7	100.0
130	88	7.108	0.2736	0.3982	177.4	100.0
130	89	6.822	0.3814	0.5935	166.5	100.0
130	90	7.715	0.4317	0.6967	154.6	100.0
130	91	9.501	0.4147	0.8839	160.3	100.0
130	92	8.409	0.5762	1.0127	139.9	100.0
130	93	10.177	0.5534	1.0322	174.1	100.0
130	94	10.635	0.5501	1.0557	163.9	100.0
130	95	10.275	0.5189	1.0255	186.2	100.0
130	96	9.460	0.5003	1.0069	183.4	100.0
130	97	8.803	0.5194	0.9174	176.8	100.0
130	98	7.334	0.3387	0.5808	166.2	100.0
130	99	6.738	0.3319	0.6529	152.0	100.0
130	100	6.559	0.0307	0.0519	217.8	100.0
131	77	4.798	0.0002	0.0006	165.8	100.0
131	78	5.754	0.0080	0.0278	166.8	100.0
131	79	6.614	0.0835	0.2207	172.0	100.0
131	80	7.630	0.0771	0.1698	159.8	100.0
131	81	6.794	0.1834	0.3475	168.1	100.0
131	82	7.865	0.5892	1.0039	151.3	100.0
131	84	7.984	0.1424	0.3142	172.4	100.0
131	86	7.216	0.2778	0.6237	179.0	100.0
131	87	7.720	0.2705	0.4980	192.3	100.0
131	88	7.764	0.4629	0.6609	183.4	100.0
131	89	8.460	0.3934	0.4165	163.0	100.0
131	90	6.860	0.2558	0.4292	161.3	100.0
131	91	7.053	0.5454	1.0208	152.8	100.0
131	92	7.927	0.4770	0.6538	160.5	100.0
131	93	9.471	0.5332	1.0249	170.9	100.0
131	94	10.133	0.5826	1.0293	171.8	100.0
131	95	10.085	0.5779	1.0099	184.5	100.0
131	96	9.758	0.5267	0.9161	194.6	100.0
131	97	9.753	0.5951	1.0104	176.4	100.0
131	98	8.641	0.5961	1.0115	166.7	100.0
131	99	6.846	0.1818	0.2466	194.7	100.0
131	100	6.870	0.1652	0.2937	172.8	100.0
131	101	6.471	0.1520	0.3571	149.6	100.0
132	51	5.019	0.0013	0.0043	141.8	100.0
132	55	6.007	0.2536	0.5046	178.9	100.0
132	56	6.548	0.0338	0.0718	160.5	100.0
132	77	6.296	0.0032	0.0091	193.2	100.0
132	80	8.499	0.0922	0.1620	161.2	100.0
132	81	8.474	0.0654	0.1430	162.4	100.0
132	82	9.589	0.3656	0.6059	176.7	100.0
132	83	9.748	0.4845	0.7193	192.3	100.0
132	88	8.377	0.2271	0.2873	183.5	100.0
132	89	6.847	0.5364	0.7673	185.7	100.0
132	91	6.675	0.3560	0.6317	134.0	100.0
132	92	7.650	0.5843	0.9633	158.5	100.0
132	93	8.686	0.5998	0.8916	152.5	100.0
132	94	8.886	0.5774	0.8810	177.8	100.0
132	95	9.814	0.1091	1.0973	171.4	100.0
132	96	9.048	0.2727	0.5058	204.2	100.0
132	99	7.949	0.1956	0.3887	169.9	100.0
132	101	6.470	0.0970	0.2160	144.4	100.0
133	70	5.188	0.0004	0.0014	136.6	100.0
133	71	5.306	0.0004	0.0013	172.3	100.0
133	74	8.013	0.0121	0.0207	163.5	100.0
133	76	8.149	0.0190	0.0498	183.3	100.0
133	77	6.796	0.0047	0.0139	134.2	100.0
133	78	7.881	0.0414	0.0556	172.2	100.0
133	79	8.928	0.4347	0.5455	175.0	100.0
133	80	8.588	0.3098	0.5732	153.8	100.0
133	81	8.741	0.1970	0.3085	169.1	100.0
133	82	9.599	0.4650	0.7120	174.6	100.0
133	87	6.242	0.2082	0.4594	161.0	100.0
133	89	6.367	0.1005	0.2362	174.7	100.0
133	90	9.101	0.3416	0.3863	175.5	100.0
133	91	7.411	0.5848	0.9865	172.5	100.0
133	93	7.002	0.5380	0.8912	177.3	100.0
133	94	8.770	0.5232	0.7950	159.7	100.0
133	95	10.299	0.5138	1.0288	181.7	100.0
133	96	8.598	0.3977	0.5466	195.9	100.0
133	97	6.360	0.1238	0.2403	182.5	100.0
133	98	6.771	0.0772	0.1754	166.5	100.0
133	99	6.902	0.0451	0.0722	175.2	100.0
133	102	6.762	0.0053	0.0128	169.0	100.0
134	73	8.108	0.1511	0.3023	168.1	100.0
134	74	8.233	0.0439	0.1012	168.9	100.0
134	76	9.811	0.2290	0.3693	192.7	100.0
134	77	8.348	0.0877	0.1542	178.6	100.0
134	78	8.199	0.2253	0.2799	151.7	100.0
134	85	7.715	0.0863	0.1425	184.0	100.0
134	86	7.674	0.0801	0.1727	174.1	100.0
134	87	6.589	0.1273	0.3388	151.0	100.0
134	89	6.911	0.1045	0.2981	159.6	100.0
134	90	7.416	0.4770	1.0104	164.6	100.0
134	91	7.401	0.5360	1.0074	168.8	100.0
134	96	8.381	0.5106	0.8102	179.1	100.0
134	97	7.688	0.5192	0.7979	167.7	100.0
134	98	7.394	0.3115	0.6638	166.2	100.0
134	99	7.050	0.0693	0.1626	170.0	100.0
134	100	6.034	0.0032	0.0079	174.3	100.0
134	104	6.922	0.0222	0.0692	148.2	100.0
135	72	6.840	0.0205	0.0391	153.8	100.0
135	73	7.061	0.0187	0.0432	191.5	100.0
135	74	9.330	0.0452	0.0937	161.2	100.0
135	75	10.765	0.2048	0.3380	162.4	100.0
135	76	9.119	0.1579	0.2625	180.0	100.0
135	78	9.971	0.2235	0.3051	177.3	100.0
135	88	7.101	0.0671	0.1839	153.4	100.0
135	89	5.821	0.3807	0.6626	161.9	100.0
135	97	8.994	0.5307	0.9695	177.9	100.0
135	98	7.487	0.3432	0.6430	174.9	100.0
135	105	5.717	0.1845	0.4085	175.0	100.0
135	107	6.719	0.0250	0.0612	160.7	100.0
135	108	6.555	0.0089	0.0221	165.2	100.0
136	69	6.445	0.0051	0.0168	162.8	100.0
136	71	7.261	0.0417	0.1221	99.6	100.0
136	72	8.259	0.1205	0.1957	196.5	100.0
136	73	7.224	0.1082	0.1793	212.8	100.0
136	74	7.861	0.2574	0.5224	188.7	100.0
136	75	9.047	0.5713	0.9141	172.0	100.0
136	77	8.004	0.3653	0.5945	169.6	100.0
136	78	9.027	0.2403	0.3649	191.2	100.0
136	79	9.567	0.2513	0.3692	136.0	100.0
136	83	6.874	0.0647	0.1915	162.8	100.0
136	88	7.192	0.2178	0.5445	168.8	100.0
136	97	6.457	0.4434	0.8573	148.4	100.0
136	98	6.998	0.0351	0.0664	174.9	100.0
136	105	7.643	0.5129	1.0535	170.0	100.0
136	106	7.846	0.1337	0.5377	167.4	100.0
136	107	6.777	0.0633	0.0863	200.6	100.0
136	108	7.054	0.0664	0.1867	166.3	100.0
137	67	7.432	0.0186	0.0269	164.3	100.0
137	68	7.398	0.0224	0.0338	95.0	100.0
137	69	7.547	0.0218	0.0428	213.5	100.0
137	70	7.031	0.1368	0.3062	185.6	100.0
137	71	7.784	0.0388	0.1111	187.3	100.0
137	72	8.456	0.0951	0.1923	191.1	100.0
137	73	9.542	0.2550	0.5611	199.9	100.0
137	74	8.273	0.3249	0.6796	183.9	100.0
137	75	9.060	0.2461	0.5510	182.5	100.0
137	76	9.250	0.3594	0.7177	179.4	100.0
137	77	7.356	0.4191	0.6750	181.8	100.0
137	78	7.903	0.2296	0.4256	186.0	100.0
137	79	7.141	0.0527	0.1050	154.5	100.0
137	87	7.643	0.1623	0.4313	164.3	100.0
137	92	7.321	0.0545	0.1441	153.0	100.0
137	97	6.742	0.3590	0.6757	158.4	100.0
137	98	6.837	0.1093	0.2955	160.7	100.0
137	107	6.496	0.0105	0.0227	162.3	100.0
137	108	7.366	0.0177	0.0495	171.7	100.0
138	60	5.983	0.0011	0.0034	52.1	100.0
138	68	7.979	0.0815	0.1859	171.4	100.0
138	69	8.663	0.0122	0.0327	199.4	100.0
138	71	11.147	0.2434	0.2946	186.6	100.0
138	72	10.453	0.0808	0.2067	194.8	100.0
138	73	7.576	0.2105	0.4171	193.0	100.0
138	74	7.167	0.3781	0.6260	183.4	100.0
138	75	8.678	0.1324	0.2705	187.0	100.0
138	76	8.178	0.2571	0.4471	188.0	100.0
138	77	7.584	0.4383	0.7477	185.9	100.0
138	78	7.067	0.2823	0.5389	181.6	100.0
138	79	7.706	0.2656	0.6455	155.3	100.0
138	80	8.744	0.2841	0.5653	168.1	100.0
138	86	6.669	0.0312	0.0744	178.7	100.0
139	60	6.892	0.0554	0.1545	190.9	100.0
139	61	6.236	0.0093	0.0127	145.2	100.0
139	68	7.229	0.0078	0.0189	171.2	100.0
139	69	6.701	0.0010	0.0025	0.0	100.0
139	70	7.644	0.0094	0.0247	0.0	100.0
139	71	9.858	0.1813	0.2968	172.3	100.0
139	72	8.825	0.2452	0.3881	181.7	100.0
139	73	8.363	0.1716	0.2542	167.9	100.0
139	74	8.780	0.3722	0.5507	197.1	100.0
139	75	7.472	0.2734	0.5345	183.6	100.0
139	76	7.633	0.2101	0.3729	165.4	100.0
139	80	9.093	0.1829	0.3607	173.2	100.0
139	81	6.613	0.3285	0.6514	151.1	100.0
139	82	6.746	0.2206	0.4273	154.0	100.0
139	85	6.442	0.1352	0.1384	168.2	100.0
140	60	7.745	0.1546	0.3659	126.8	100.0
140	63	6.235	0.0065	0.0154	183.4	100.0
140	68	3.899	0.0001	0.0003	121.5	100.0
140	71	9.418	0.3511	0.6174	221.6	100.0
140	72	9.677	0.5133	0.9832	207.8	100.0
140	73	8.542	0.4047	0.5728	174.8	100.0
140	74	7.778	0.4277	0.5961	192.5	100.0
140	75	8.272	0.3599	0.7272	194.3	100.0
140	82	7.852	0.1940	0.4970	136.4	100.0
140	83	7.336	0.5500	1.0260	155.8	100.0
140	84	6.584	0.2048	0.4056	149.6	100.0
140	98	6.636	0.0361	0.0734	159.8	100.0
141	60	7.332	0.0405	0.1033	203.6	100.0
141	61	7.801	0.0066	0.0127	212.7	100.0
141	67	7.091	0.0388	0.1057	169.6	100.0
141	70	8.124	0.1147	0.2522	150.1	100.0
141	71	8.771	0.2003	0.4415	191.7	100.0
141	72	8.517	0.2280	0.4186	185.9	100.0
141	73	9.056	0.3564	0.4792	174.6	100.0
141	74	7.468	0.2071	0.4487	191.8	100.0
141	82	7.258	0.0932	0.2725	158.2	100.0
141	83	5.672	0.5186	1.0078	175.2	100.0
141	97	7.089	0.5210	1.0305	164.6	100.0
141	98	5.962	0.0989	0.1983	206.3	100.0
141	112	5.004	0.0012	0.0033	186.3	100.0
141	113	5.898	0.0345	0.0840	205.8	100.0
142	69	7.274	0.0192	0.0556	123.4	100.0
142	70	7.648	0.1497	0.2623	198.5	100.0
142	71	7.905	0.1237	0.1781	183.4	100.0
142	72	8.393	0.1262	0.2465	171.2	100.0
142	73	8.702	0.3038	0.3227	182.9	100.0
142	74	8.493	0.2092	0.3535	180.4	100.0
142	81	6.823	0.0353	0.0833	180.7	100.0
142	82	6.202	0.1309	0.2666	182.5	100.0
142	94	8.345	0.1755	0.2873	182.9	100.0
142	95	6.489	0.3089	0.7058	168.1	100.0
142	96	6.129	0.1283	0.2944	138.2	100.0
142	113	5.794	0.0443	0.1055	168.1	100.0
142	114	6.401	0.0368	0.0567	190.0	100.0
142	115	3.864	0.0001	0.0002	192.2	100.0
143	72	8.178	0.1873	0.4421	167.3	100.0
143	73	7.617	0.2395	0.2836	176.6	100.0
143	93	9.417	0.1978	0.2957	177.8	100.0
143	94	9.446	0.4731	0.7793	176.8	100.0
143	99	5.907	0.1139	0.2800	175.8	100.0
143	107	6.495	0.0152	0.0399	177.4	100.0
143	114	6.504	0.0308	0.1041	200.6	100.0
143	115	5.921	0.1112	0.3137	161.7	100.0
143	116	6.182	0.0113	0.0318	139.4	100.0
144	99	6.167	0.0646	0.1492	187.4	100.0
144	115	6.124	0.0033	0.0061	125.0	100.0
144	116	6.442	0.0004	0.0015	237.8	100.0
144	117	4.378	0.0001	0.0003	137.1	100.0
145	99	7.185	0.0606	0.1802	192.0	100.0
145	116	6.537	0.0914	0.2901	168.2	100.0
145	117	7.821	0.0228	0.0285	118.3	100.0
146	50	7.183	0.0232	0.0785	118.3	100.0
146	71	7.015	0.0518	0.1470	170.6	100.0
146	88	8.169	0.2185	0.5980	193.8	100.0
146	89	9.119	0.1860	0.4021	181.3	100.0
146	90	7.000	0.2432	0.4618	184.6	100.0
146	93	6.186	0.4104	1.0064	170.1	100.0
146	119	6.583	0.0915	0.3032	279.9	100.0
148	107	5.719	0.1698	0.4226	149.9	100.0
149	100	6.912	0.0882	0.2938	161.2	100.0
150	67	6.533	0.0066	0.0154	161.7	100.0
150	75	5.850	0.0030	0.0082	122.3	100.0
150	100	7.132	0.2153	0.4993	170.5	100.0
150	101	6.175	0.0143	0.0286	178.7	100.0
151	74	6.643	0.0685	0.1716	164.3	100.0
151	75	7.026	0.0647	0.1508	161.2	100.0
151	101	5.816	0.0503	0.1337	149.3	100.0
152	74	5.321	0.0007	0.0017	141.1	100.0
152	101	6.153	0.0349	0.1063	195.8	100.0
154	72	5.871	0.0357	0.0892	150.5	100.0
154	97	5.922	0.0084	0.0231	192.1	100.0
155	41	6.557	0.0013	0.0039	170.0	100.0
155	54	3.799	0.0002	0.0001	167.4	100.0
155	71	6.639	0.0002	0.0008	200.6	100.0
155	72	5.930	0.0017	0.0034	166.3	100.0
155	73	6.214	0.0096	0.0195	164.3	100.0
